# 3FGL               RA             DEC        PD[frac]  AB   AV   AR
3FGLJ0000.1+6545 0.0377000011504 65.751701355 0.12627 5.752 4.349 3.441
3FGLJ0000.2-3738 0.0612000003457 -37.648399353 0.0009 0.041 0.031 0.024
3FGLJ0001.6+3535 0.404300004244 35.5904998779 0.00729 0.332 0.251 0.198
3FGLJ0002.0-6722 0.523999989033 -67.370300293 0.00225 0.103 0.078 0.062
3FGLJ0002.6+6218 0.674499988556 62.3005981445 0.09612 4.380 3.312 2.620
3FGLJ0003.4+3100 0.857599973679 31.0084991455 0.00441 0.199 0.150 0.119
3FGLJ0003.5+5721 0.890299975872 57.3596992493 0.03555 1.621 1.226 0.969
3FGLJ0004.2+6757 1.05509996414 67.9592971802 0.04977 2.268 1.715 1.357
3FGLJ0004.2+0843 1.05739998817 8.72739982605 0.00558 0.255 0.193 0.153
3FGLJ0006.2+0135 1.57179999352 1.58529996872 0.00243 0.113 0.086 0.068
3FGLJ0006.6+4618 1.65120005608 46.3054008484 0.0072 0.330 0.250 0.198
3FGLJ0007.4+1742 1.86930000782 17.7110004425 0.00324 0.148 0.112 0.089
3FGLJ0007.9+4006 1.98290002346 40.1068000793 0.00639 0.288 0.217 0.172
3FGLJ0008.3+1456 2.08809995651 14.9336004257 0.00387 0.177 0.134 0.106
3FGLJ0008.5+6853 2.14089989662 68.8870010376 0.14103 6.425 4.858 3.843
3FGLJ0008.7+6558 2.19129991531 65.9676971436 0.11709 5.336 4.035 3.192
3FGLJ0010.5-1425 2.62890005112 -14.419500351 0.00225 0.102 0.077 0.061
3FGLJ0014.3-0455 3.58579993248 -4.91960000992 0.00225 0.102 0.077 0.061
3FGLJ0016.5+1713 4.13539981842 17.2210006714 0.00522 0.235 0.177 0.140
3FGLJ0017.1+1445 4.2937002182 14.7611999512 0.00333 0.154 0.117 0.092
3FGLJ0020.9+0323 5.2311000824 3.3952999115 0.00189 0.088 0.067 0.053
3FGLJ0022.7+4651 5.68720006943 46.8527984619 0.00702 0.321 0.243 0.192
3FGLJ0026.2-4812 6.55719995499 -48.2100982666 0.00117 0.055 0.042 0.033
3FGLJ0031.2-2320 7.81300020218 -23.3426990509 0.00126 0.060 0.046 0.036
3FGLJ0031.6+0938 7.92250013351 9.64780044556 0.00459 0.209 0.158 0.125
3FGLJ0032.3-5522 8.09389972687 -55.3688011169 0.00108 0.051 0.039 0.031
3FGLJ0032.5+3912 8.14640045166 39.2131004333 0.00432 0.199 0.151 0.119
3FGLJ0039.3+6256 9.8341999054 62.9415016174 0.11304 5.151 3.895 3.081
3FGLJ0048.1-6343 12.0495996475 -63.7318000793 0.00144 0.068 0.052 0.041
3FGLJ0049.0+4224 12.2530002594 42.4129981995 0.00639 0.290 0.219 0.173
3FGLJ0051.6+6445 12.9039001465 64.7592010498 0.12429 5.666 4.285 3.390
3FGLJ0102.1+4458 15.5367002487 44.9718017578 0.00891 0.405 0.306 0.242
3FGLJ0102.1+0943 15.5399999619 9.72799968719 0.00279 0.129 0.098 0.077
3FGLJ0112.9-7506 18.2437992096 -75.1053009033 0.00432 0.194 0.146 0.116
3FGLJ0114.8+1917 18.7098999023 19.2947006226 0.00387 0.175 0.132 0.105
3FGLJ0116.8+6913 19.2199993134 69.2279968262 0.06192 2.822 2.134 1.688
3FGLJ0121.8-3917 20.4573993683 -39.2860984802 0.00171 0.077 0.058 0.046
3FGLJ0127.4+5433 21.8691997528 54.554599762 0.0405 1.844 1.394 1.103
3FGLJ0127.5+5634 21.8941993713 56.5685997009 0.03753 1.712 1.295 1.024
3FGLJ0127.6+4851 21.9244995117 48.8613014221 0.01197 0.547 0.414 0.327
3FGLJ0132.1-5340 23.0447998047 -53.673500061 0.0018 0.084 0.064 0.051
3FGLJ0133.2-4737 23.3069992065 -47.6198997498 0.00081 0.039 0.030 0.024
3FGLJ0133.3+5930 23.3363990784 59.5140991211 0.04887 2.226 1.683 1.331
3FGLJ0138.5-4612 24.6492996216 -46.2038993835 0.00144 0.064 0.048 0.038
3FGLJ0149.6+4846 27.4211006165 48.7692985535 0.0135 0.614 0.464 0.367
3FGLJ0154.1+4642 28.5349998474 46.7019996643 0.00846 0.385 0.291 0.230
3FGLJ0156.5-2423 29.1280002594 -24.3924999237 0.00117 0.052 0.039 0.031
3FGLJ0158.6+0102 29.6732006073 1.04100000858 0.00207 0.092 0.069 0.055
3FGLJ0200.3-4108 30.0799007416 -41.145198822 0.00135 0.062 0.047 0.037
3FGLJ0203.6+1148 30.9169006348 11.8028001785 0.01125 0.511 0.386 0.305
3FGLJ0211.0+1922 32.7546005249 19.3833007812 0.01548 0.706 0.534 0.422
3FGLJ0212.1+5320 33.0371017456 53.3359985352 0.01503 0.684 0.517 0.409
3FGLJ0216.0+0300 34.0134010315 3.0164000988 0.00315 0.143 0.108 0.086
3FGLJ0216.4+0507 34.1086997986 5.13280010223 0.00342 0.156 0.118 0.093
3FGLJ0221.1+6059 35.2994003296 60.9968986511 0.10359 4.720 3.569 2.823
3FGLJ0221.2+2518 35.3203010559 25.3055992126 0.00558 0.256 0.194 0.153
3FGLJ0221.8+6138c 35.4729003906 61.6413993835 0.08433 3.846 2.909 2.301
3FGLJ0223.6+6204 35.9061012268 62.0811004639 0.15714 7.164 5.418 4.286
3FGLJ0223.6+3927 35.9179000854 39.4527015686 0.00441 0.199 0.150 0.119
3FGLJ0224.1-1846 36.0476989746 -18.7816009521 0.00252 0.115 0.087 0.069
3FGLJ0224.4+1615 36.1142997742 16.2632007599 0.01782 0.813 0.615 0.486
3FGLJ0225.8+6159 36.4721984863 61.9869995117 1.31418 59.893 45.291 35.827
3FGLJ0226.7-4747 36.695098877 -47.7836990356 0.00126 0.059 0.045 0.035
3FGLJ0228.5+8213 37.1327018738 82.2221984863 0.0225 1.025 0.775 0.613
3FGLJ0231.0+1302 37.7747001648 13.044500351 0.00954 0.436 0.330 0.261
3FGLJ0232.6+0646 38.1631011963 6.7716999054 0.00612 0.280 0.212 0.168
3FGLJ0233.0+6237 38.268901825 62.6226997375 0.03411 1.553 1.174 0.929
3FGLJ0234.2-0629 38.564201355 -6.49809980392 0.00207 0.095 0.072 0.057
3FGLJ0235.7+5647 38.9276008606 56.7867012024 0.06336 2.887 2.183 1.727
3FGLJ0238.0+5237 39.504901886 52.6255989075 0.02421 1.103 0.834 0.660
3FGLJ0239.0+2555 39.7678985596 25.9200000763 0.01215 0.555 0.420 0.332
3FGLJ0239.4+1326 39.8684997559 13.4427995682 0.00927 0.420 0.317 0.251
3FGLJ0240.0-0253 40.0007019043 -2.8993999958 0.00207 0.094 0.071 0.056
3FGLJ0242.1-0534 40.5316009521 -5.56960010529 0.00306 0.137 0.103 0.082
3FGLJ0244.4+4745 41.1231002808 47.7531013489 0.01485 0.678 0.513 0.405
3FGLJ0248.4+5130 42.1100997925 51.513999939 0.02808 1.279 0.967 0.765
3FGLJ0251.1-1829 42.7971000671 -18.4857006073 0.00216 0.100 0.076 0.060
3FGLJ0254.2+5903 43.5587005615 59.0525016785 0.08802 4.011 3.033 2.399
3FGLJ0258.2+3555 44.5577011108 35.9289016724 0.01233 0.563 0.426 0.337
3FGLJ0258.9+0552 44.7397003174 5.87589979172 0.01089 0.497 0.376 0.297
3FGLJ0307.3+4916 46.8432998657 49.270401001 0.045 2.053 1.553 1.228
3FGLJ0308.4-2852 47.1030006409 -28.8733997345 0.00117 0.055 0.042 0.033
3FGLJ0312.1-0921 48.0407981873 -9.35929965973 0.00801 0.365 0.276 0.219
3FGLJ0312.7-2222 48.1757011414 -22.3708992004 0.00153 0.069 0.052 0.041
3FGLJ0312.7+2011 48.1906013489 20.189699173 0.02502 1.143 0.865 0.684
3FGLJ0318.1+0252 49.5362014771 2.8694999218 0.00981 0.446 0.337 0.267
3FGLJ0322.5-3721 50.6426010132 -37.3583984375 0.00153 0.072 0.055 0.043
3FGLJ0323.7-6038 50.9430007935 -60.6398010254 0.00342 0.158 0.120 0.095
3FGLJ0324.5-1315 51.1467018127 -13.2558002472 0.00675 0.309 0.234 0.185
3FGLJ0327.4+5828c 51.8689002991 58.4770011902 0.29097 13.261 10.028 7.933
3FGLJ0330.6+0437 52.6651992798 4.62559986115 0.01863 0.850 0.643 0.508
3FGLJ0332.4+6110 53.1208000183 61.1701011658 0.06876 3.134 2.370 1.875
3FGLJ0332.4+4644 53.1234016418 46.7358016968 0.03969 1.811 1.370 1.084
3FGLJ0333.6+0233 53.4123001099 2.56349992752 0.00693 0.314 0.237 0.188
3FGLJ0336.1+7500 54.0438995361 75.015296936 0.02052 0.935 0.707 0.559
3FGLJ0340.4+5302 55.1004981995 53.0484008789 0.13005 5.926 4.481 3.545
3FGLJ0340.4-2423 55.1044006348 -24.3871002197 0.00117 0.055 0.042 0.033
3FGLJ0342.3+3148c 55.5763015747 31.8090991974 0.15777 7.188 5.435 4.299
3FGLJ0342.8+1321 55.710899353 13.3622999191 0.0288 1.315 0.995 0.787
3FGLJ0345.3+3236 56.349899292 32.6015014648 0.07668 3.494 2.642 2.090
3FGLJ0348.1+4431 57.0475006104 44.5292015076 0.05004 2.281 1.725 1.364
3FGLJ0348.4+6039 57.1049995422 60.6633987427 0.08154 3.713 2.807 2.221
3FGLJ0351.0-2816 57.7690010071 -28.2766990662 0.00063 0.031 0.024 0.019
3FGLJ0351.4-3248 57.8536987305 -32.8004989624 0.00072 0.033 0.025 0.020
3FGLJ0359.5+5413 59.8810997009 54.2220001221 0.1458 6.644 5.024 3.974
3FGLJ0359.7+7649 59.9350013733 76.8312988281 0.01422 0.647 0.489 0.387
3FGLJ0401.0-5359 60.2591018677 -53.9863014221 0.00153 0.068 0.051 0.041
3FGLJ0402.7+2616 60.6755981445 26.2695999146 0.01602 0.730 0.552 0.437
3FGLJ0412.0+0229 63.0243988037 2.4960000515 0.02331 1.065 0.806 0.637
3FGLJ0414.9-0840 63.7336997986 -8.67450046539 0.00396 0.181 0.137 0.108
3FGLJ0415.7-4351 63.9407997131 -43.8648986816 0.00135 0.062 0.047 0.037
3FGLJ0418.2+3412 64.5737991333 34.2086982727 0.02349 1.068 0.807 0.639
3FGLJ0419.1+6636 64.7781982422 66.6048965454 0.0567 2.582 1.952 1.544
3FGLJ0420.4+1448 65.1137008667 14.8094997406 0.05814 2.651 2.005 1.586
3FGLJ0420.4-6013 65.1197967529 -60.2270011902 0.00135 0.061 0.046 0.037
3FGLJ0420.6-3742 65.1641998291 -37.7149009705 0.00189 0.085 0.064 0.051
3FGLJ0421.6+1950 65.4041976929 19.8469009399 0.04086 1.862 1.408 1.114
3FGLJ0423.5+5442 65.899597168 54.7057991028 0.15246 6.950 5.256 4.157
3FGLJ0425.8+5600 66.4515991211 56.013999939 0.06732 3.068 2.320 1.835
3FGLJ0426.3+3510 66.587600708 35.17029953 0.02763 1.258 0.951 0.753
3FGLJ0426.7+5437 66.6812973022 54.6167984009 0.12366 5.633 4.259 3.369
3FGLJ0427.9-6704 66.9821014404 -67.0776977539 0.00351 0.160 0.121 0.096
3FGLJ0429.8+3611c 67.4691009521 36.195098877 0.09837 4.484 3.391 2.682
3FGLJ0430.1-3103 67.5428009033 -31.0655002594 0.00216 0.098 0.074 0.058
3FGLJ0431.7+3503 67.9309005737 35.0559005737 0.03483 1.585 1.198 0.948
3FGLJ0432.5+0539 68.1361999512 5.66090011597 0.02106 0.958 0.724 0.573
3FGLJ0434.3-1411c 68.5772018433 -14.1969995499 0.04635 2.113 1.598 1.264
3FGLJ0437.7-7330 69.4390029907 -73.5149002075 0.00594 0.272 0.206 0.163
3FGLJ0447.1-2540 71.7948989868 -25.675699234 0.00252 0.114 0.086 0.068
3FGLJ0451.6+7231 72.9164962769 72.5179977417 0.01287 0.587 0.444 0.351
3FGLJ0451.7+5722 72.9400024414 57.3734016418 0.05373 2.449 1.852 1.465
3FGLJ0456.2-6924 74.0667037964 -69.407699585 0.00594 0.272 0.206 0.163
3FGLJ0502.6+1759 75.6552963257 17.9951992035 0.04347 1.983 1.500 1.186
3FGLJ0506.3-0357 76.5865020752 -3.95219993591 0.018 0.820 0.620 0.491
3FGLJ0506.9+0321 76.7351989746 3.36159992218 0.00522 0.240 0.182 0.144
3FGLJ0507.5-0906 76.8882980347 -9.1016998291 0.00783 0.359 0.272 0.215
3FGLJ0512.0-3737 78.0154037476 -37.6231002808 0.00252 0.116 0.088 0.070
3FGLJ0514.6-4406 78.6745986938 -44.1133003235 0.00171 0.080 0.061 0.048
3FGLJ0516.6+1012 79.1701965332 10.206199646 0.03294 1.499 1.133 0.896
3FGLJ0517.1+2628c 79.2914962769 26.4787998199 0.11007 5.016 3.793 3.000
3FGLJ0523.3-2528 80.8392028809 -25.4762992859 0.00225 0.100 0.075 0.060
3FGLJ0523.7+3328 80.9324035645 33.4742012024 0.07668 3.493 2.641 2.089
3FGLJ0524.4+2839 81.1240005493 28.654800415 0.04455 2.027 1.532 1.212
3FGLJ0524.5-6937 81.1277999878 -69.6294021606 0.00594 0.272 0.206 0.163
3FGLJ0525.2-6614 81.3239974976 -66.243598938 0.00594 0.272 0.206 0.163
3FGLJ0526.4+2247 81.6091003418 22.7980003357 0.0513 2.337 1.767 1.398
3FGLJ0527.3+6647 81.8355026245 66.7845993042 0.01521 0.693 0.524 0.415
3FGLJ0529.2+3822 82.3094024658 38.3669013977 0.16533 7.537 5.700 4.508
3FGLJ0533.2+5944 83.3109970093 59.7415008545 0.03249 1.480 1.119 0.885
3FGLJ0533.8-3754 83.4635009766 -37.9053001404 0.00234 0.108 0.082 0.064
3FGLJ0535.3-6559 83.8283004761 -65.9972991943 0.00594 0.272 0.206 0.163
3FGLJ0535.7-0617c 83.9348983765 -6.29050016403 0.09153 4.171 3.154 2.495
3FGLJ0536.4-3347 84.1005020142 -33.7878990173 0.00234 0.107 0.081 0.064
3FGLJ0537.0-7113 84.2537002563 -71.220703125 0.00594 0.272 0.206 0.163
3FGLJ0537.0+0957 84.2661972046 9.95030021667 0.0279 1.270 0.960 0.760
3FGLJ0537.4+3604c 84.3505020142 36.0746994019 0.11475 5.230 3.955 3.128
3FGLJ0538.8-0341 84.7093963623 -3.69569993019 0.03186 1.450 1.096 0.867
3FGLJ0538.9+1646 84.7485961914 16.773399353 0.03213 1.465 1.108 0.877
3FGLJ0539.2-0536 84.8006973267 -5.60129976273 0.02835 1.295 0.980 0.775
3FGLJ0539.9-7553 84.9850997925 -75.8836975098 0.00675 0.308 0.233 0.184
3FGLJ0540.0+1208 85.0021972656 12.1482000351 0.02826 1.288 0.974 0.771
3FGLJ0540.8+3503c 85.2147979736 35.0643005371 0.09306 4.241 3.207 2.537
3FGLJ0541.1+3553 85.2774963379 35.8974990845 1.5633 71.247 53.877 42.619
3FGLJ0544.7+2239 86.1757965088 22.6571998596 0.07929 3.611 2.730 2.160
3FGLJ0545.6+6019 86.4152984619 60.3218994141 0.02052 0.938 0.710 0.561
3FGLJ0546.4+0031c 86.6249008179 0.527400016785 0.08334 3.799 2.873 2.272
3FGLJ0550.3-4521 87.5871963501 -45.3506011963 0.00414 0.189 0.143 0.113
3FGLJ0556.2+3933 89.0576019287 39.550201416 0.04302 1.964 1.486 1.175
3FGLJ0557.7-0720 89.4498977661 -7.34030008316 0.02808 1.278 0.966 0.764
3FGLJ0559.8+3042 89.9621963501 30.7152996063 0.04302 1.962 1.484 1.174
3FGLJ0600.4-1934 90.1183013916 -19.573299408 0.00441 0.201 0.152 0.120
3FGLJ0601.5+2309 90.3835983276 23.158000946 0.10611 4.834 3.655 2.892
3FGLJ0603.3+2042 90.8396987915 20.7164993286 0.12294 5.605 4.239 3.353
3FGLJ0605.0-0000 91.2714996338 -0.00889999978244 0.04518 2.060 1.558 1.232
3FGLJ0605.9+2039c 91.4768981934 20.6527996063 0.11934 5.437 4.111 3.252
3FGLJ0608.2-2306 92.064201355 -23.109500885 0.00342 0.155 0.117 0.093
3FGLJ0608.6+5328 92.1598968506 53.4832000732 0.02097 0.957 0.724 0.572
3FGLJ0609.2+2051c 92.3186035156 20.8628997803 0.21825 9.946 7.521 5.949
3FGLJ0609.6-2851 92.4176025391 -28.8628005981 0.00342 0.158 0.120 0.095
3FGLJ0609.7-1841 92.4261016846 -18.6933002472 0.00774 0.354 0.268 0.212
3FGLJ0611.5+1957 92.8990020752 19.9601993561 0.17352 7.907 5.979 4.730
3FGLJ0619.4+2242 94.87449646 22.7063007355 0.12438 5.669 4.287 3.391
3FGLJ0623.1-4143 95.7795028687 -41.7256011963 0.00477 0.215 0.162 0.128
3FGLJ0626.8+1743 96.7115020752 17.7317008972 0.03942 1.797 1.359 1.075
3FGLJ0628.4+2429 97.1230010986 24.4979991913 0.0288 1.314 0.994 0.786
3FGLJ0630.2-0929c 97.5709991455 -9.49610042572 0.13383 6.097 4.610 3.647
3FGLJ0634.1+0424 98.5282974243 4.4061999321 0.53775 24.509 18.534 14.661
3FGLJ0636.7+7115 99.1913986206 71.2631988525 0.01467 0.670 0.507 0.401
3FGLJ0637.5+0418 99.3834991455 4.31500005722 0.10152 4.625 3.497 2.767
3FGLJ0638.4+5704 99.6050033569 57.0742988586 0.00477 0.217 0.164 0.130
3FGLJ0639.9+3250 99.987701416 32.8394012451 0.01179 0.535 0.404 0.320
3FGLJ0641.1+1004 100.286003113 10.0832996368 0.12105 5.516 4.171 3.300
3FGLJ0644.6+6035 101.151901245 60.5910987854 0.00648 0.293 0.221 0.175
3FGLJ0647.6+0032 101.913398743 0.534500002861 0.0774 3.528 2.668 2.111
3FGLJ0647.8+1751 101.962303162 17.8514003754 0.01332 0.604 0.456 0.361
3FGLJ0650.9+6524 102.748497009 65.4148025513 0.00414 0.191 0.145 0.114
3FGLJ0657.6-4701 104.424003601 -47.0262985229 0.0081 0.368 0.278 0.220
3FGLJ0658.8+2318 104.719703674 23.3145999908 0.00504 0.228 0.172 0.136
3FGLJ0659.2-0439c 104.802200317 -4.65259981155 0.28458 12.972 9.810 7.760
3FGLJ0700.6+3557 105.161697388 35.9664993286 0.00621 0.285 0.216 0.171
3FGLJ0704.1-1043 106.034500122 -10.7217998505 0.18972 8.649 6.541 5.174
3FGLJ0704.3-4828 106.074996948 -48.4751014709 0.00738 0.335 0.253 0.201
3FGLJ0705.7-0006 106.43800354 -0.112700000405 0.03816 1.739 1.315 1.040
3FGLJ0707.5-3111 106.887199402 -31.1970005035 0.01485 0.675 0.510 0.404
3FGLJ0707.7-1035c 106.927497864 -10.5922002792 0.0918 4.183 3.163 2.502
3FGLJ0708.7+1747 107.196296692 17.7940998077 0.01161 0.530 0.401 0.317
3FGLJ0711.1-1037 107.793899536 -10.6211996078 0.09549 4.352 3.291 2.603
3FGLJ0712.2-3806 108.051902771 -38.1104011536 0.03438 1.567 1.185 0.937
3FGLJ0714.7-3924 108.677200317 -39.4085998535 0.02709 1.234 0.933 0.738
3FGLJ0716.0-4525 109.010803223 -45.4221000671 0.01035 0.471 0.356 0.282
3FGLJ0718.9-5004 109.738098145 -50.0793991089 0.01197 0.545 0.412 0.326
3FGLJ0721.5-0221 110.375396729 -2.36159992218 0.00936 0.426 0.322 0.255
3FGLJ0722.2-2648 110.551002502 -26.8036994934 0.03033 1.384 1.047 0.828
3FGLJ0725.4-5007 111.370796204 -50.1197013855 0.01476 0.672 0.508 0.402
3FGLJ0725.7-0550 111.440696716 -5.8422999382 0.01566 0.714 0.540 0.427
3FGLJ0725.8-3532 111.45929718 -35.5373001099 0.03492 1.593 1.205 0.953
3FGLJ0725.8+0212 111.468101501 2.20679998398 0.01296 0.592 0.448 0.354
3FGLJ0731.7-1914c 112.943901062 -19.2369995117 0.42687 19.457 14.714 11.639
3FGLJ0731.8-3010 112.973899841 -30.1767997742 0.02943 1.341 1.014 0.802
3FGLJ0733.3+5904 113.32800293 59.0667991638 0.00441 0.201 0.152 0.120
3FGLJ0737.2-3233 114.314002991 -32.5587997437 0.05049 2.303 1.742 1.378
3FGLJ0737.8-8245 114.461502075 -82.7610015869 0.0153 0.699 0.529 0.418
3FGLJ0739.8+1312 114.974197388 13.2109003067 0.00441 0.201 0.152 0.120
3FGLJ0740.6-5230 115.161598206 -52.5041999817 0.02016 0.918 0.694 0.549
3FGLJ0742.7-3110 115.693603516 -31.1739006042 0.05121 2.334 1.765 1.396
3FGLJ0744.1-2523 116.044700623 -25.3994007111 0.05868 2.672 2.020 1.598
3FGLJ0744.3+1715 116.082000732 17.2558994293 0.00288 0.130 0.098 0.078
3FGLJ0746.4-0225 116.618499756 -2.42210006714 0.0054 0.248 0.188 0.148
3FGLJ0747.4-0734 116.862800598 -7.58010005951 0.00855 0.390 0.295 0.233
3FGLJ0747.5-4927 116.889701843 -49.4584007263 0.02151 0.980 0.741 0.586
3FGLJ0748.7-5116 117.178497314 -51.279499054 0.03321 1.515 1.146 0.906
3FGLJ0748.8-2208 117.202102661 -22.1347007751 0.0783 3.567 2.697 2.133
3FGLJ0749.0+4459 117.265403748 44.9868011475 0.00333 0.152 0.115 0.091
3FGLJ0749.5+1320 117.397796631 13.3402004242 0.00243 0.112 0.085 0.067
3FGLJ0751.7-2944 117.938301086 -29.7341995239 0.06237 2.842 2.149 1.700
3FGLJ0752.6-1629 118.152000427 -16.489200592 0.01143 0.522 0.395 0.312
3FGLJ0755.2-2633 118.801696777 -26.5615005493 0.04383 1.998 1.511 1.195
3FGLJ0757.5-0536 119.396202087 -5.60629987717 0.00594 0.268 0.202 0.160
3FGLJ0758.6-1451 119.656402588 -14.8661003113 0.0081 0.369 0.279 0.221
3FGLJ0800.6-4806 120.174301147 -48.1147003174 0.02241 1.022 0.773 0.611
3FGLJ0802.3-5610 120.582901001 -56.168800354 0.02187 0.995 0.752 0.595
3FGLJ0802.3-0941 120.589897156 -9.69600009918 0.00648 0.296 0.224 0.177
3FGLJ0810.5-5214 122.630096436 -52.2472991943 0.04977 2.269 1.716 1.357
3FGLJ0813.5-0356 123.38710022 -3.93880009651 0.00423 0.195 0.148 0.117
3FGLJ0816.1-5044 124.027801514 -50.7484016418 0.054 2.459 1.859 1.471
3FGLJ0818.0+3237 124.523902893 32.6301002502 0.00324 0.148 0.112 0.089
3FGLJ0823.3-4205c 125.848197937 -42.0928993225 0.86364 39.359 29.763 23.544
3FGLJ0823.6-4838 125.913497925 -48.6366004944 0.06426 2.931 2.217 1.754
3FGLJ0826.3-5056 126.588500977 -50.9477996826 0.06795 3.098 2.343 1.853
3FGLJ0826.3-6400 126.59349823 -64.0109024048 0.01404 0.640 0.484 0.383
3FGLJ0829.8-5239 127.46849823 -52.6585998535 0.04869 2.218 1.677 1.327
3FGLJ0830.5-4452 127.6352005 -44.8689002991 0.15192 6.921 5.233 4.140
3FGLJ0830.8+2629 127.704200745 26.4911003113 0.00378 0.171 0.129 0.102
3FGLJ0832.8-4321 128.214599609 -43.3568000793 0.27243 12.416 9.389 7.427
3FGLJ0834.5-4825 128.633605957 -48.4224014282 0.07722 3.518 2.660 2.104
3FGLJ0834.6+6101 128.674194336 61.0215988159 0.00441 0.201 0.152 0.121
3FGLJ0838.8-2829 129.704101562 -28.489200592 0.01341 0.612 0.463 0.366
3FGLJ0838.9-4056c 129.744903564 -40.9378013611 0.29862 13.612 10.294 8.143
3FGLJ0839.6-4133 129.92010498 -41.5555000305 0.2268 10.337 7.817 6.183
3FGLJ0843.4+6713 130.85899353 67.2181015015 0.00288 0.129 0.097 0.077
3FGLJ0844.3-4741 131.082305908 -47.6839981079 0.11961 5.453 4.124 3.262
3FGLJ0846.8-2638 131.715606689 -26.6497993469 0.00801 0.363 0.274 0.217
3FGLJ0847.2-6936 131.807800293 -69.6129989624 0.009 0.410 0.310 0.245
3FGLJ0847.4-4327 131.86340332 -43.4586982727 0.29502 13.445 10.167 8.042
3FGLJ0848.2-4524 132.07119751 -45.4128990173 0.17001 7.748 5.859 4.635
3FGLJ0848.5+7018 132.131103516 70.3007965088 0.00252 0.115 0.087 0.069
3FGLJ0851.4-4244 132.865493774 -42.7477989197 0.2709 12.348 9.338 7.386
3FGLJ0854.4-4404 133.620498657 -44.076499939 0.21681 9.881 7.472 5.910
3FGLJ0854.8-4503 133.710800171 -45.0615997314 0.14967 6.820 5.157 4.080
3FGLJ0855.4-4818 133.854995728 -48.3162994385 0.08451 3.851 2.912 2.303
3FGLJ0855.4+7142 133.861495972 71.7123031616 0.00981 0.445 0.336 0.266
3FGLJ0856.4+6429 134.11000061 64.4845962524 0.0072 0.328 0.248 0.196
3FGLJ0857.6-4258 134.408798218 -42.9823989868 0.2691 12.262 9.272 7.335
3FGLJ0858.0-4834 134.518997192 -48.5690994263 0.16092 7.334 5.546 4.387
3FGLJ0858.6-4357 134.656692505 -43.9581985474 0.20907 9.529 7.206 5.700
3FGLJ0859.3-4732 134.846603394 -47.5491981506 2.92941 133.508 100.959 79.862
3FGLJ0900.0+6754 135.022399902 67.9136962891 0.00531 0.240 0.181 0.143
3FGLJ0901.0-6725 135.262207031 -67.4255981445 0.00801 0.365 0.276 0.218
3FGLJ0901.6-4700 135.404907227 -47.0013008118 0.04239 1.934 1.463 1.157
3FGLJ0903.0-4826 135.763198853 -48.4496002197 1.02996 46.940 35.496 28.078
3FGLJ0903.2-4744 135.814102173 -47.7429008484 0.32301 14.720 11.131 8.805
3FGLJ0905.6-4917 136.419692993 -49.2958984375 0.29295 13.352 10.097 7.987
3FGLJ0905.8-2127 136.457901001 -21.4610996246 0.01197 0.544 0.411 0.325
3FGLJ0906.0-4705 136.50630188 -47.0976982117 0.10863 4.951 3.744 2.962
3FGLJ0907.0-4802 136.75390625 -48.0429992676 0.16821 7.666 5.797 4.586
3FGLJ0914.5-4736 138.641098022 -47.6152000427 0.64791 29.531 22.332 17.665
3FGLJ0915.8-5110 138.964096069 -51.179901123 0.3123 14.234 10.764 8.515
3FGLJ0918.2-4859 139.573104858 -48.9891014099 0.24606 11.215 8.481 6.708
3FGLJ0919.4+6604 139.871200562 66.0751037598 0.01188 0.541 0.409 0.323
3FGLJ0919.5-2200 139.883407593 -22.005399704 0.00612 0.279 0.211 0.167
3FGLJ0921.6+2339 140.41569519 23.655500412 0.00261 0.121 0.092 0.073
3FGLJ0923.8-5154 140.965103149 -51.9039993286 0.65826 29.998 22.684 17.944
3FGLJ0928.3-5255 142.084594727 -52.9234008789 0.13671 6.233 4.714 3.729
3FGLJ0930.7+5133 142.687698364 51.5589981079 0.00135 0.063 0.048 0.038
3FGLJ0931.8+6739 142.967605591 67.6514968872 0.00648 0.294 0.222 0.176
3FGLJ0933.9-6232 143.481201172 -62.5337982178 0.02547 1.160 0.877 0.694
3FGLJ0935.1-1736 143.786605835 -17.6061992645 0.00576 0.263 0.199 0.157
3FGLJ0935.2+0903 143.801193237 9.05179977417 0.00315 0.145 0.110 0.087
3FGLJ0936.3-2114 144.099899292 -21.245300293 0.00531 0.241 0.182 0.144
3FGLJ0937.1-4544c 144.291900635 -45.7438011169 0.09144 4.169 3.153 2.494
3FGLJ0937.8-6407 144.475006104 -64.1220016479 0.02232 1.017 0.769 0.608
3FGLJ0937.9-1435 144.483306885 -14.5978002548 0.00486 0.220 0.166 0.131
3FGLJ0940.6-7609 145.164398193 -76.1607971191 0.02232 1.018 0.770 0.609
3FGLJ0941.0+6151 145.274505615 61.8660011292 0.0027 0.123 0.093 0.073
3FGLJ0946.2+5209 146.574203491 52.1505012512 0.00063 0.030 0.023 0.018
3FGLJ0948.1-3641 147.035995483 -36.6930999756 0.01521 0.692 0.523 0.414
3FGLJ0948.8-4243 147.203994751 -42.7210998535 0.02709 1.233 0.932 0.737
3FGLJ0950.4+7550 147.609603882 75.8495025635 0.00279 0.129 0.098 0.077
3FGLJ0952.8+0711 148.217193604 7.19910001755 0.00333 0.150 0.113 0.090
3FGLJ0953.7-1510 148.428894043 -15.1745004654 0.00522 0.235 0.177 0.140
3FGLJ0954.8-3948 148.712097168 -39.8087005615 0.01737 0.791 0.598 0.473
3FGLJ1002.0-2837 150.502502441 -28.6280994415 0.00855 0.389 0.294 0.232
3FGLJ1002.5-5709 150.645996094 -57.1628990173 0.48483 22.095 16.708 13.217
3FGLJ1003.7-5215 150.947402954 -52.2521018982 0.07137 3.253 2.460 1.946
3FGLJ1008.6-5706 152.171798706 -57.1128997803 0.93951 42.817 32.378 25.612
3FGLJ1010.8-7645c 152.710403442 -76.7555007935 0.03735 1.702 1.287 1.018
3FGLJ1013.4-4008 153.367492676 -40.1498985291 0.01377 0.627 0.474 0.375
3FGLJ1013.6-5734 153.411697388 -57.5694007874 0.31536 14.373 10.869 8.598
3FGLJ1016.5-6034 154.135406494 -60.5764007568 0.0756 3.448 2.608 2.063
3FGLJ1016.6-4244 154.164306641 -42.7457008362 0.01089 0.498 0.377 0.298
3FGLJ1016.9-2653 154.24609375 -26.8978996277 0.0063 0.288 0.218 0.172
3FGLJ1018.2-6254 154.559295654 -62.9048995972 0.03321 1.512 1.143 0.904
3FGLJ1021.9-5815c 155.483505249 -58.2649002075 0.1845 8.406 6.356 5.028
3FGLJ1024.3-5757 156.085006714 -57.951499939 1.06416 48.500 36.676 29.012
3FGLJ1024.4-4545 156.103607178 -45.751701355 0.0135 0.616 0.466 0.368
3FGLJ1025.1-6507 156.291793823 -65.1207962036 0.03636 1.658 1.254 0.992
3FGLJ1025.7-5659c 156.442901611 -56.9996986389 0.12609 5.746 4.345 3.437
3FGLJ1025.9-5930 156.475494385 -59.5126991272 0.135 6.153 4.653 3.681
3FGLJ1026.2-5730 156.559692383 -57.5166015625 0.44811 20.423 15.444 12.217
3FGLJ1027.8+8253 156.963302612 82.8983001709 0.00207 0.095 0.072 0.057
3FGLJ1028.3-7419 157.088897705 -74.3271026611 0.0234 1.067 0.807 0.638
3FGLJ1030.0-5809 157.509002686 -58.1534996033 0.24417 11.128 8.415 6.657
3FGLJ1031.4-5855 157.86390686 -58.92029953 0.18873 8.604 6.507 5.147
3FGLJ1033.0-5945 158.266296387 -59.7513008118 0.24741 11.273 8.524 6.743
3FGLJ1033.4-5035 158.374298096 -50.5946006775 0.02736 1.247 0.943 0.746
3FGLJ1034.0-5731c 158.51550293 -57.5173988342 0.19179 8.742 6.611 5.229
3FGLJ1035.7-6720 158.925994873 -67.3335037231 0.03006 1.369 1.035 0.819
3FGLJ1036.4-4348 159.113006592 -43.8120002747 0.01098 0.501 0.379 0.300
3FGLJ1037.2-6052 159.319107056 -60.8748016357 0.06354 2.894 2.188 1.731
3FGLJ1037.9-5843 159.48840332 -58.7299995422 1.39032 63.364 47.916 37.903
3FGLJ1038.0-2425 159.519393921 -24.4309997559 0.00441 0.201 0.152 0.120
3FGLJ1039.1-5809 159.789001465 -58.1571998596 0.24678 11.245 8.503 6.726
3FGLJ1039.5+7324 159.884902954 73.408996582 0.01647 0.752 0.569 0.450
3FGLJ1040.5-5926c 160.136795044 -59.4334983826 0.47529 21.663 16.382 12.959
3FGLJ1043.6-5930 160.904998779 -59.5046005249 2.11545 96.413 72.908 57.672
3FGLJ1043.8-5851 160.973907471 -58.8587989807 0.30249 13.787 10.426 8.247
3FGLJ1045.3-6414 161.329803467 -64.2425003052 0.05391 2.455 1.856 1.468
3FGLJ1045.5-2335 161.397201538 -23.5914001465 0.00423 0.192 0.145 0.115
3FGLJ1047.3-6005 161.843795776 -60.0983009338 0.65052 29.646 22.418 17.734
3FGLJ1047.8-3737 161.968002319 -37.6253013611 0.00468 0.214 0.162 0.128
3FGLJ1048.2-5928 162.054992676 -59.4765014648 0.20799 9.481 7.170 5.671
3FGLJ1048.8-5006 162.205795288 -50.106098175 0.03276 1.492 1.128 0.892
3FGLJ1049.7+1548 162.432601929 15.8069000244 0.00207 0.092 0.069 0.055
3FGLJ1050.4+0435 162.61680603 4.59940004349 0.00261 0.118 0.089 0.070
3FGLJ1050.6-6112 162.67489624 -61.2121009827 0.20475 9.334 7.059 5.584
3FGLJ1051.0+5332 162.763000488 53.5491981506 0.00108 0.048 0.036 0.029
3FGLJ1052.0+0816 163.017593384 8.28100013733 0.00198 0.088 0.066 0.052
3FGLJ1054.2-3123 163.568893433 -31.3917999268 0.0072 0.327 0.247 0.195
3FGLJ1054.7-6006 163.696899414 -60.1106987 0.35514 16.183 12.237 9.680
3FGLJ1056.7-5853 164.178604126 -58.8959999084 0.14733 6.718 5.081 4.019
3FGLJ1057.6-4051 164.408996582 -40.8615989685 0.00891 0.408 0.309 0.244
3FGLJ1057.7-6624 164.435897827 -66.4033966064 0.0504 2.299 1.739 1.375
3FGLJ1058.5-6106c 164.644104004 -61.1100997925 0.93951 42.819 32.380 25.613
3FGLJ1059.3+0224 164.845092773 2.41650009155 0.00306 0.140 0.106 0.084
3FGLJ1100.2-2044 165.055099487 -20.7469997406 0.00378 0.172 0.130 0.103
3FGLJ1101.3-6032 165.33039856 -60.5419006348 0.27792 12.666 9.578 7.577
3FGLJ1103.3+5239 165.837097168 52.662399292 0.0009 0.041 0.031 0.025
3FGLJ1104.3-7736c 166.079406738 -77.611000061 0.14868 6.776 5.124 4.053
3FGLJ1104.9-6036 166.24760437 -60.6091003418 0.15021 6.847 5.178 4.096
3FGLJ1105.7+4427 166.426803589 44.4562988281 0.00099 0.046 0.035 0.028
3FGLJ1106.6-1744 166.661193848 -17.739900589 0.00369 0.165 0.124 0.098
3FGLJ1112.0-6135 168.016799927 -61.5842018127 0.06948 3.168 2.396 1.895
3FGLJ1112.1+0500 168.034301758 5.00979995728 0.00594 0.273 0.207 0.163
3FGLJ1112.1+1034 168.039001465 10.5735998154 0.00171 0.077 0.058 0.046
3FGLJ1113.1-4515 168.285995483 -45.2513999939 0.01584 0.720 0.544 0.431
3FGLJ1115.0-0701 168.761001587 -7.02759981155 0.00288 0.131 0.099 0.078
3FGLJ1116.7-4854 169.182495117 -48.9006996155 0.01386 0.630 0.476 0.377
3FGLJ1117.2-5338 169.306503296 -53.6484985352 0.01953 0.889 0.672 0.532
3FGLJ1117.7+0217 169.438995361 2.2837998867 0.00423 0.192 0.145 0.115
3FGLJ1119.8-2647 169.970596313 -26.7903995514 0.00504 0.231 0.175 0.138
3FGLJ1119.9-2204 169.98449707 -22.0673007965 0.00459 0.210 0.159 0.126
3FGLJ1120.6+0713 170.17199707 7.22349977493 0.00441 0.200 0.151 0.119
3FGLJ1123.3-2529 170.841201782 -25.4941005707 0.00387 0.175 0.132 0.104
3FGLJ1123.6-4558 170.914703369 -45.9682998657 0.01044 0.475 0.359 0.284
3FGLJ1125.1-5803 171.29510498 -58.0638008118 0.0387 1.764 1.334 1.055
3FGLJ1126.8-5001 171.724594116 -50.0243988037 0.01134 0.517 0.391 0.309
3FGLJ1128.6-5434 172.161300659 -54.5792007446 0.02574 1.173 0.887 0.702
3FGLJ1128.7-6232 172.194396973 -62.5350990295 0.73998 33.727 25.505 20.175
3FGLJ1129.0+3758 172.25289917 37.9715995789 0.00153 0.069 0.052 0.041
3FGLJ1130.7-7800 172.681900024 -78.0100021362 0.01755 0.797 0.602 0.477
3FGLJ1132.0-4736 173.011901855 -47.6020011902 0.01521 0.693 0.524 0.414
3FGLJ1139.0-6244 174.751495361 -62.7368011475 0.32058 14.609 11.047 8.739
3FGLJ1142.1-6941 175.532394409 -69.6847000122 0.03069 1.396 1.055 0.835
3FGLJ1146.1-0640 176.546798706 -6.68300008774 0.0027 0.123 0.093 0.074
3FGLJ1149.1+2815 177.294692993 28.2509994507 0.00207 0.095 0.072 0.057
3FGLJ1150.7-4816 177.692001343 -48.283000946 0.00882 0.403 0.305 0.241
3FGLJ1151.5+0957 177.884399414 9.96510028839 0.00216 0.098 0.074 0.059
3FGLJ1151.8-6108 177.95489502 -61.1437988281 0.15579 7.098 5.367 4.246
3FGLJ1155.3-1112 178.82699585 -11.2028999329 0.00279 0.130 0.099 0.078
3FGLJ1200.4+0202 180.110702515 2.04180002213 0.00189 0.085 0.064 0.051
3FGLJ1200.9-1432 180.242996216 -14.5394001007 0.00423 0.192 0.145 0.115
3FGLJ1203.9-1745 180.979003906 -17.7616004944 0.00531 0.245 0.186 0.147
3FGLJ1205.9+3315 181.483001709 33.2547988892 0.00162 0.072 0.054 0.043
3FGLJ1206.4-7123 181.624206543 -71.3974990845 0.03645 1.662 1.257 0.994
3FGLJ1208.0-6901 182.010406494 -69.0258026123 0.02304 1.053 0.797 0.630
3FGLJ1208.4-6239 182.119506836 -62.6612014771 0.35037 15.967 12.074 9.551
3FGLJ1209.9+7607 182.477493286 76.12449646 0.00513 0.234 0.177 0.140
3FGLJ1210.1-2742 182.54649353 -27.7143001556 0.00558 0.257 0.195 0.154
3FGLJ1211.8+6413 182.973403931 64.2238006592 0.00144 0.068 0.052 0.041
3FGLJ1213.9-4412 183.486206055 -44.2154998779 0.00918 0.417 0.315 0.249
3FGLJ1214.4-2315 183.602401733 -23.2625007629 0.0072 0.329 0.249 0.197
3FGLJ1215.9-1926 183.992492676 -19.4354000092 0.00378 0.173 0.131 0.104
3FGLJ1216.6-0557 184.160797119 -5.96460008621 0.00459 0.211 0.160 0.126
3FGLJ1220.0-2502 185.011199951 -25.0436000824 0.00675 0.307 0.232 0.184
3FGLJ1220.1-3715 185.048294067 -37.2543983459 0.00756 0.344 0.260 0.206
3FGLJ1220.3+6055 185.091094971 60.9287986755 0.00135 0.063 0.048 0.038
3FGLJ1221.5-0632 185.37789917 -6.55000019073 0.00198 0.093 0.071 0.056
3FGLJ1222.7+7952 185.682998657 79.8667984009 0.00819 0.375 0.284 0.224
3FGLJ1223.0-5622 185.752105713 -56.376499176 0.0423 1.926 1.456 1.152
3FGLJ1223.2+1215 185.80430603 12.2617998123 0.00243 0.112 0.085 0.067
3FGLJ1223.3+0818 185.840393066 8.31309986115 0.0018 0.082 0.062 0.049
3FGLJ1225.4-3448 186.356399536 -34.8069992065 0.00504 0.230 0.174 0.138
3FGLJ1225.9+2953 186.495697021 29.8901996613 0.00153 0.069 0.052 0.041
3FGLJ1228.4-0317 187.111297607 -3.29539990425 0.00279 0.128 0.097 0.077
3FGLJ1231.6-5113 187.902404785 -51.2210006714 0.01467 0.667 0.504 0.399
3FGLJ1231.6+4825 187.908294678 48.4179000854 0.00108 0.051 0.039 0.031
3FGLJ1231.7-6513 187.926193237 -65.2228012085 0.13158 5.999 4.537 3.589
3FGLJ1232.3+1701 188.084899902 17.0230007172 0.00216 0.097 0.073 0.058
3FGLJ1232.5-3720 188.136993408 -37.3418998718 0.00522 0.235 0.177 0.140
3FGLJ1232.8+1332 188.218994141 13.5347003937 0.00261 0.120 0.091 0.072
3FGLJ1234.7-0437 188.697402954 -4.62150001526 0.00297 0.136 0.103 0.082
3FGLJ1236.5-6154 189.128295898 -61.9043006897 0.62514 28.493 21.547 17.044
3FGLJ1236.6-7050 189.157394409 -70.8463973999 0.03564 1.626 1.230 0.973
3FGLJ1239.1-1158 189.798599243 -11.9776000977 0.00387 0.175 0.132 0.105
3FGLJ1240.3-7149 190.07699585 -71.8257980347 0.02664 1.215 0.919 0.727
3FGLJ1244.2-6227 191.05909729 -62.4533004761 0.42822 19.516 14.758 11.674
3FGLJ1244.3-5515 191.084701538 -55.2568016052 0.03582 1.632 1.234 0.976
3FGLJ1249.1-2808 192.292999268 -28.1436004639 0.00468 0.215 0.163 0.129
3FGLJ1249.5-0546 192.381500244 -5.77939987183 0.00225 0.102 0.077 0.061
3FGLJ1250.2-0233 192.567703247 -2.56380009651 0.00216 0.097 0.073 0.058
3FGLJ1251.0-4943 192.773498535 -49.7313995361 0.01152 0.525 0.397 0.314
3FGLJ1256.1-5703 194.04460144 -57.0503997803 0.03924 1.791 1.355 1.072
3FGLJ1257.0-6338 194.25289917 -63.6356010437 0.80451 36.664 27.725 21.932
3FGLJ1258.4+2123 194.618301392 21.3859996796 0.00315 0.142 0.107 0.085
3FGLJ1259.3-8151 194.835296631 -81.8606033325 0.02241 1.022 0.773 0.612
3FGLJ1259.5-3231 194.886398315 -32.518699646 0.0072 0.330 0.250 0.197
3FGLJ1301.5+3333 195.394104004 33.5615005493 0.00099 0.042 0.031 0.025
3FGLJ1304.6+1200 196.171401978 12.0064001083 0.00234 0.108 0.082 0.065
3FGLJ1306.4-6043 196.614593506 -60.7317008972 0.16632 7.579 5.731 4.534
3FGLJ1306.8-4031 196.724594116 -40.5327987671 0.00738 0.337 0.255 0.201
3FGLJ1308.7-5738 197.198898315 -57.6394004822 0.03186 1.454 1.100 0.870
3FGLJ1309.0+0347 197.257904053 3.79089999199 0.00234 0.108 0.082 0.065
3FGLJ1311.8-6230 197.968200684 -62.5071983337 4.31793 196.793 148.816 117.718
3FGLJ1312.3+8513 198.091094971 85.2249984741 0.01584 0.723 0.547 0.433
3FGLJ1315.7-0732 198.94720459 -7.54850006104 0.00324 0.147 0.111 0.088
3FGLJ1316.2-6446 199.062896729 -64.7695999146 0.08739 3.984 3.013 2.383
3FGLJ1317.6-6315 199.402801514 -63.2597999573 0.2799 12.759 9.649 7.632
3FGLJ1323.2-3901 200.810195923 -39.0247001648 0.00603 0.276 0.209 0.165
3FGLJ1325.2-5411 201.314300537 -54.1859016418 0.03024 1.378 1.042 0.824
3FGLJ1326.2-4651 201.559204102 -46.8521003723 0.00882 0.400 0.302 0.239
3FGLJ1329.1-0536 202.299194336 -5.60809993744 0.00252 0.114 0.086 0.068
3FGLJ1329.8-6109 202.467803955 -61.1619987488 0.13815 6.297 4.762 3.767
3FGLJ1330.4+5641 202.611999512 56.6879997253 0.00063 0.028 0.021 0.017
3FGLJ1333.8-4417 203.454101562 -44.2886009216 0.00855 0.391 0.296 0.234
3FGLJ1334.3-4152 203.587402344 -41.8684997559 0.00648 0.295 0.223 0.176
3FGLJ1335.1-5655 203.782806396 -56.9236984253 0.06939 3.163 2.392 1.892
3FGLJ1335.2-4056 203.808395386 -40.9353981018 0.00621 0.286 0.217 0.171
3FGLJ1342.4-6904 205.611099243 -69.0714035034 0.02592 1.180 0.892 0.706
3FGLJ1345.1+1949 206.299697876 19.8274993896 0.00207 0.095 0.072 0.057
3FGLJ1346.2-2608 206.569503784 -26.1396999359 0.00495 0.223 0.168 0.133
3FGLJ1348.5-7150 207.14239502 -71.8391036987 0.02673 1.219 0.922 0.729
3FGLJ1348.5-5833 207.148803711 -58.5626983643 0.06669 3.040 2.299 1.819
3FGLJ1350.4-6224 207.622299194 -62.4119987488 0.90054 41.044 31.038 24.552
3FGLJ1351.1-2743 207.793106079 -27.7203006744 0.00513 0.234 0.177 0.140
3FGLJ1351.8-1524 207.960205078 -15.4065999985 0.00612 0.282 0.214 0.169
3FGLJ1358.5-6025 209.643493652 -60.4297981262 0.39573 18.035 13.638 10.788
3FGLJ1400.2-2413 210.066802979 -24.2317008972 0.00531 0.242 0.183 0.145
3FGLJ1402.7-3240 210.689697266 -32.6666984558 0.00522 0.239 0.181 0.143
3FGLJ1403.1+1304 210.795593262 13.0796003342 0.0018 0.084 0.064 0.050
3FGLJ1404.3-5241 211.077392578 -52.6981010437 0.03708 1.688 1.276 1.010
3FGLJ1404.7-5844 211.190994263 -58.7394981384 0.11601 5.287 3.998 3.162
3FGLJ1405.4-6119 211.35609436 -61.3167991638 1.71963 78.372 59.265 46.880
3FGLJ1408.0-2924 212.007995605 -29.4046993256 0.00423 0.195 0.148 0.117
3FGLJ1409.2-3743 212.303405762 -37.7215995789 0.00621 0.283 0.214 0.169
3FGLJ1410.9+7406 212.742004395 74.1072998047 0.00207 0.095 0.072 0.057
3FGLJ1411.1+3717 212.795700073 37.2994995117 0.00045 0.021 0.016 0.013
3FGLJ1411.4-0724 212.855102539 -7.4142999649 0.00225 0.105 0.080 0.063
3FGLJ1411.8-5743 212.974395752 -57.7172012329 0.10566 4.818 3.644 2.882
3FGLJ1412.3-6635 213.092803955 -66.5973968506 0.05175 2.359 1.784 1.411
3FGLJ1417.5-4402 214.377197266 -44.0427017212 0.00936 0.428 0.324 0.256
3FGLJ1417.7-5026 214.429595947 -50.4396018982 0.01944 0.888 0.672 0.531
3FGLJ1419.1-5534 214.784103394 -55.5769004822 0.05661 2.577 1.948 1.541
3FGLJ1420.9-4615 215.242599487 -46.254901886 0.00882 0.402 0.304 0.241
3FGLJ1421.0-2431 215.260498047 -24.5279998779 0.00684 0.314 0.238 0.188
3FGLJ1421.8-7920 215.466400146 -79.3476028442 0.01197 0.548 0.415 0.328
3FGLJ1424.3-1753 216.093795776 -17.8859996796 0.00846 0.385 0.291 0.230
3FGLJ1427.2+1610 216.808395386 16.1739006042 0.00261 0.117 0.088 0.070
3FGLJ1430.8-4434 217.713104248 -44.5686988831 0.01521 0.694 0.525 0.415
3FGLJ1431.1-6425 217.796401978 -64.4227981567 0.05607 2.557 1.934 1.530
3FGLJ1438.6-4209 219.66859436 -42.1607017517 0.00711 0.325 0.246 0.194
3FGLJ1444.0-7033 221.012802124 -70.5635986328 0.01881 0.855 0.646 0.511
3FGLJ1445.7-5925 221.447097778 -59.4277992249 2.13435 97.275 73.560 58.188
3FGLJ1447.3-5800 221.830795288 -58.004901886 0.16452 7.497 5.669 4.484
3FGLJ1456.7-6046 224.195495605 -60.7767982483 0.15804 7.202 5.446 4.308
3FGLJ1457.6-6249 224.400100708 -62.8296012878 0.11457 5.223 3.950 3.124
3FGLJ1457.6-5355 224.412200928 -53.9258995056 0.06678 3.046 2.304 1.822
3FGLJ1458.7-2120 224.6875 -21.3346004486 0.00873 0.398 0.301 0.238
3FGLJ1502.2+5553 225.554992676 55.8861999512 0.00099 0.043 0.032 0.026
3FGLJ1503.5-5801 225.892501831 -58.0293998718 0.36774 16.763 12.677 10.028
3FGLJ1506.4-0340 226.621994019 -3.66840004921 0.01296 0.589 0.445 0.352
3FGLJ1506.6-6219 226.667602539 -62.331199646 0.12636 5.759 4.355 3.445
3FGLJ1510.2-5754 227.569702148 -57.915599823 0.79245 36.118 27.313 21.605
3FGLJ1512.3+6622 228.087203979 66.3728027344 0.0018 0.080 0.060 0.048
3FGLJ1512.8-5639 228.203399658 -56.6655006409 0.35847 16.336 12.353 9.772
3FGLJ1513.3-3719 228.32850647 -37.3185997009 0.00954 0.436 0.330 0.261
3FGLJ1513.8-6250c 228.453598022 -62.8452987671 0.28512 12.996 9.828 7.774
3FGLJ1517.0+2637 229.25340271 26.6305007935 0.0027 0.125 0.095 0.075
3FGLJ1517.6-4442 229.404800415 -44.7018013 0.02169 0.987 0.746 0.590
3FGLJ1518.2-5232 229.57119751 -52.5349006653 0.05985 2.729 2.064 1.632
3FGLJ1525.8-0834 231.470306396 -8.57919979095 0.00738 0.334 0.252 0.200
3FGLJ1526.3-4505 231.586395264 -45.086101532 0.02061 0.940 0.711 0.563
3FGLJ1527.0-3804 231.753692627 -38.0802993774 0.01377 0.629 0.476 0.376
3FGLJ1528.1-2904 232.035598755 -29.0676002502 0.02745 1.250 0.945 0.748
3FGLJ1528.3-5836 232.078094482 -58.6077003479 0.20295 9.249 6.994 5.532
3FGLJ1528.7-2247 232.175003052 -22.7870998383 0.01116 0.506 0.382 0.303
3FGLJ1529.5+6733 232.399398804 67.5591964722 0.00243 0.108 0.081 0.064
3FGLJ1532.0-2618 233.013702393 -26.3034000397 0.03186 1.449 1.095 0.866
3FGLJ1533.8-5231 233.472503662 -52.5326004028 0.10629 4.845 3.664 2.898
3FGLJ1538.4-4656 234.60319519 -46.9353981018 0.03411 1.555 1.176 0.930
3FGLJ1539.2-3324 234.823394775 -33.4141998291 0.11547 5.261 3.978 3.147
3FGLJ1541.6+1414 235.402603149 14.234000206 0.00378 0.173 0.131 0.104
3FGLJ1542.4-5911 235.622299194 -59.1982002258 0.08172 3.725 2.817 2.228
3FGLJ1543.5-0244 235.889205933 -2.74839997292 0.01791 0.817 0.618 0.489
3FGLJ1544.1-2555 236.028305054 -25.9204998016 0.0216 0.986 0.746 0.590
3FGLJ1544.6-1125 236.170196533 -11.4274997711 0.01701 0.773 0.584 0.462
3FGLJ1545.0-6641 236.26890564 -66.6915969849 0.01116 0.509 0.385 0.304
3FGLJ1548.4+1455 237.109695435 14.9256000519 0.00342 0.154 0.116 0.092
3FGLJ1549.4-4832 237.374801636 -48.5383987427 0.0855 3.896 2.946 2.330
3FGLJ1549.9-3044 237.475204468 -30.7455005646 0.00945 0.430 0.325 0.257
3FGLJ1550.4+6027 237.623306274 60.4618988037 0.00081 0.040 0.031 0.024
3FGLJ1552.8-5330 238.212097168 -53.5130996704 1.58247 72.120 54.537 43.141
3FGLJ1553.1+5437 238.291900635 54.6241989136 0.00081 0.037 0.028 0.022
3FGLJ1553.3-0322c 238.346603394 -3.38140010834 0.04158 1.894 1.432 1.133
3FGLJ1554.4-5315c 238.610198975 -53.2619018555 2.58102 117.631 88.953 70.364
3FGLJ1557.0-4225 239.264297485 -42.4217987061 0.06705 3.056 2.311 1.828
3FGLJ1601.9+2306 240.488998413 23.1107997894 0.00423 0.194 0.147 0.116
3FGLJ1602.8-1924 240.720306396 -19.4073009491 0.02115 0.965 0.730 0.577
3FGLJ1603.7-6011 240.931396484 -60.1953010559 0.02691 1.228 0.929 0.735
3FGLJ1611.9+1404 242.980804443 14.0790996552 0.00387 0.177 0.134 0.106
3FGLJ1613.4-4222 243.365600586 -42.3737983704 0.07308 3.331 2.519 1.992
3FGLJ1615.6-4450 243.914001465 -44.8373985291 0.14202 6.473 4.895 3.872
3FGLJ1616.8-5343 244.20539856 -53.7243003845 0.10971 4.998 3.779 2.990
3FGLJ1616.8+5846 244.216003418 58.783000946 0.00081 0.040 0.031 0.024
3FGLJ1618.8+5520 244.704299927 55.345500946 0.0009 0.042 0.032 0.025
3FGLJ1619.0-5014c 244.773101807 -50.2436981201 2.06199 93.976 71.065 56.215
3FGLJ1619.1+7538 244.798706055 75.6414031982 0.00315 0.144 0.109 0.086
3FGLJ1620.0-5101 245.00920105 -51.0278015137 3.5865 163.459 123.609 97.778
3FGLJ1620.8-5149 245.202606201 -51.8297996521 0.29889 13.621 10.300 8.148
3FGLJ1622.9-5004 245.726303101 -50.0752983093 3.37149 153.657 116.196 91.914
3FGLJ1624.1-4700 246.042098999 -47.0057983398 0.16326 7.442 5.628 4.452
3FGLJ1624.2-4041 246.059402466 -40.6865005493 0.09405 4.284 3.239 2.562
3FGLJ1624.2-3957 246.066101074 -39.9566001892 0.09135 4.164 3.149 2.491
3FGLJ1624.8-4233 246.200393677 -42.5662002563 0.08631 3.933 2.974 2.353
3FGLJ1625.1-0021 246.279403687 -0.358599990606 0.0072 0.326 0.246 0.195
3FGLJ1625.2-2845 246.307907104 -28.753900528 0.05796 2.642 1.998 1.580
3FGLJ1625.6-2058 246.421707153 -20.9787998199 0.08028 3.659 2.767 2.189
3FGLJ1626.2-4911 246.569198608 -49.1972999573 2.40786 109.739 82.985 65.643
3FGLJ1626.2-2428c 246.572097778 -24.4668998718 1.10043 50.155 37.928 30.002
3FGLJ1626.3-4406 246.579299927 -44.1116981506 0.10323 4.707 3.560 2.816
3FGLJ1627.8+3217 246.968093872 32.2988014221 0.00189 0.085 0.064 0.051
3FGLJ1628.1-3344 247.027206421 -33.7416992188 0.04878 2.224 1.682 1.330
3FGLJ1628.1-5740 247.033599854 -57.6753997803 0.03375 1.538 1.163 0.920
3FGLJ1628.1+0254 247.042007446 2.90919995308 0.00531 0.242 0.183 0.145
3FGLJ1628.2-2431c 247.069198608 -24.5279998779 0.13608 6.204 4.692 3.711
3FGLJ1628.4-4546 247.11630249 -45.7778015137 0.15093 6.879 5.202 4.115
3FGLJ1628.7-8056 247.175994873 -80.93409729 0.0153 0.698 0.528 0.418
3FGLJ1630.2-1052 247.553894043 -10.8669996262 0.02646 1.205 0.911 0.721
3FGLJ1630.3-6126 247.58380127 -61.435798645 0.01683 0.766 0.579 0.458
3FGLJ1630.3-4346 247.593597412 -43.76720047 0.1098 5.005 3.785 2.994
3FGLJ1632.8+3838 248.202392578 38.6477012634 0.00054 0.027 0.021 0.016
3FGLJ1635.3+4257 248.84979248 42.9645004272 0.00081 0.038 0.029 0.023
3FGLJ1639.4-5146 249.869506836 -51.7788009644 0.07362 3.356 2.538 2.007
3FGLJ1640.6-4917 250.155593872 -49.2890014648 0.23391 10.662 8.063 6.378
3FGLJ1641.5-5319 250.377700806 -53.3236999512 0.0432 1.967 1.487 1.176
3FGLJ1641.5-2856 250.392105103 -28.9479999542 0.02601 1.186 0.897 0.709
3FGLJ1642.4+8045 250.611999512 80.7640991211 0.0036 0.166 0.126 0.100
3FGLJ1643.6-5002 250.914001465 -50.0392990112 0.15759 7.182 5.431 4.296
3FGLJ1644.4+2632 251.123092651 26.5422992706 0.00567 0.258 0.195 0.154
3FGLJ1644.6-0911 251.173706055 -9.18560028076 0.0387 1.763 1.333 1.054
3FGLJ1645.7-2149 251.448196411 -21.8241004944 0.08271 3.770 2.851 2.255
3FGLJ1646.9-1332 251.74760437 -13.5478000641 0.03906 1.780 1.346 1.065
3FGLJ1648.0+4230 252.018096924 42.5102005005 0.00126 0.060 0.046 0.036
3FGLJ1648.6-5635 252.165603638 -56.5840988159 0.02205 1.007 0.762 0.603
3FGLJ1649.6-3007 252.41960144 -30.1292991638 0.02799 1.275 0.964 0.763
3FGLJ1650.0-4438c 252.506500244 -44.6386985779 1.8702 85.234 64.454 50.985
3FGLJ1650.0+0356 252.513595581 3.94880008698 0.00729 0.331 0.250 0.198
3FGLJ1650.3-4600 252.598999023 -46.0140991211 0.52695 24.013 18.158 14.364
3FGLJ1651.5-4626 252.897796631 -46.4339981079 0.46746 21.304 16.110 12.743
3FGLJ1652.2-4649 253.063293457 -46.8300018311 0.33309 15.182 11.481 9.082
3FGLJ1652.8-4351 253.202697754 -43.8566017151 2.1546 98.196 74.256 58.739
3FGLJ1653.6-0158 253.419006348 -1.98010003567 0.01836 0.837 0.633 0.500
3FGLJ1654.0-4617 253.50050354 -46.2965011597 0.41724 19.019 14.383 11.377
3FGLJ1654.3-4907 253.598495483 -49.121799469 0.08154 3.719 2.813 2.225
3FGLJ1655.1-4644 253.779602051 -46.7346992493 0.25947 11.825 8.942 7.074
3FGLJ1655.1-3954 253.783996582 -39.9047012329 0.09747 4.442 3.359 2.657
3FGLJ1655.5-4748 253.896499634 -47.8087005615 0.14661 6.679 5.050 3.995
3FGLJ1655.7-4712 253.947006226 -47.2104988098 0.21096 9.613 7.269 5.750
3FGLJ1656.9-3919c 254.244903564 -39.3274002075 0.17496 7.976 6.032 4.771
3FGLJ1657.6-4653 254.418502808 -46.8964996338 0.26919 12.271 9.280 7.340
3FGLJ1659.0-0142 254.774093628 -1.70210003853 0.02025 0.925 0.700 0.553
3FGLJ1700.4-4019c 255.10899353 -40.3311004639 1.00161 45.649 34.520 27.306
3FGLJ1701.1-4930 255.286102295 -49.5144996643 0.07533 3.432 2.595 2.053
3FGLJ1701.3-5216 255.343002319 -52.2694015503 0.03258 1.483 1.121 0.887
3FGLJ1701.4-4654 255.363693237 -46.90650177 0.19116 8.711 6.587 5.211
3FGLJ1702.0-5414 255.504104614 -54.2472991943 0.01953 0.891 0.674 0.533
3FGLJ1702.1-2524 255.530395508 -25.4127998352 0.02637 1.202 0.909 0.719
3FGLJ1702.1-4623 255.537002563 -46.3866004944 0.2556 11.650 8.810 6.969
3FGLJ1702.8-5656 255.719802856 -56.9356994629 0.01431 0.655 0.496 0.392
3FGLJ1703.6-2850 255.923995972 -28.847700119 0.02322 1.061 0.803 0.635
3FGLJ1703.9-4843 255.990097046 -48.7237014771 0.07371 3.357 2.538 2.008
3FGLJ1704.1+1234 256.032714844 12.5735998154 0.00558 0.256 0.194 0.153
3FGLJ1704.4-0528 256.120788574 -5.478099823 0.04257 1.939 1.466 1.160
3FGLJ1705.5+0948 256.376098633 9.80319976807 0.00747 0.339 0.256 0.203
3FGLJ1705.5-4128c 256.395690918 -41.4808998108 1.73682 79.157 59.859 47.350
3FGLJ1707.8+5626 256.956298828 56.4434013367 0.00144 0.067 0.051 0.040
3FGLJ1709.4-0917 257.368103027 -9.28390026093 0.045 2.052 1.552 1.228
3FGLJ1709.5-0335 257.385894775 -3.59470009804 0.04068 1.852 1.400 1.108
3FGLJ1709.9+4624 257.48739624 46.4119987488 0.00243 0.108 0.081 0.064
3FGLJ1710.6-4317 257.660003662 -43.2893981934 0.23553 10.735 8.118 6.421
3FGLJ1714.6-3327 258.655914307 -33.4566001892 0.11772 5.366 4.058 3.210
3FGLJ1715.4-4028 258.851501465 -40.4692001343 0.29034 13.235 10.009 7.917
3FGLJ1717.6-4404 259.42098999 -44.0677986145 0.14355 6.539 4.944 3.911
3FGLJ1719.2-2433 259.818603516 -24.551399231 0.07002 3.194 2.416 1.911
3FGLJ1720.3-0428 260.096313477 -4.47270011902 0.05544 2.524 1.908 1.510
3FGLJ1720.7+0711 260.190795898 7.18909978867 0.01197 0.544 0.411 0.325
3FGLJ1721.4-5253 260.356414795 -52.896900177 0.01908 0.868 0.656 0.519
3FGLJ1721.8-3919 260.463500977 -39.3255996704 0.17289 7.881 5.960 4.714
3FGLJ1722.7-0415 260.690795898 -4.26440000534 0.06858 3.124 2.362 1.869
3FGLJ1723.6-3646 260.919311523 -36.7680015564 0.87345 39.808 30.103 23.812
3FGLJ1725.0-0513 261.251098633 -5.22279977798 0.05895 2.684 2.029 1.605
3FGLJ1725.7-3555c 261.42880249 -35.9297981262 1.32894 60.568 45.802 36.231
3FGLJ1726.6-3530c 261.667297363 -35.5153999329 1.8783 85.605 64.735 51.207
3FGLJ1727.4+0634 261.872009277 6.57560014725 0.00909 0.414 0.313 0.248
3FGLJ1727.6-0654 261.913513184 -6.91279983521 0.06282 2.864 2.166 1.713
3FGLJ1727.7-2637 261.945800781 -26.6250991821 0.12159 5.543 4.192 3.316
3FGLJ1728.0-6446 262.00970459 -64.7731018066 0.00648 0.298 0.226 0.178
3FGLJ1729.0+6049 262.264312744 60.8256988525 0.00279 0.127 0.096 0.076
3FGLJ1729.7-2408 262.434814453 -24.1371002197 0.1251 5.699 4.309 3.409
3FGLJ1729.9-0859 262.491210938 -8.98610019684 0.08487 3.868 2.925 2.314
3FGLJ1730.6-0357 262.665313721 -3.9523999691 0.04689 2.136 1.615 1.278
3FGLJ1731.9+5428 262.984588623 54.4817008972 0.00396 0.179 0.135 0.107
3FGLJ1732.4-2709 263.122711182 -27.150100708 0.14355 6.542 4.947 3.913
3FGLJ1732.7+5914 263.183197021 59.2472991943 0.00225 0.103 0.078 0.061
3FGLJ1733.5-2811 263.382507324 -28.1940994263 0.12429 5.664 4.283 3.388
3FGLJ1733.5-3941 263.384613037 -39.6994018555 0.10305 4.695 3.550 2.808
3FGLJ1733.8-6056 263.464111328 -60.9334983826 0.00621 0.283 0.214 0.169
3FGLJ1734.7-2930 263.694793701 -29.5072994232 0.1755 7.995 6.045 4.782
3FGLJ1736.0-2701 264.018890381 -27.0200996399 0.10674 4.866 3.680 2.911
3FGLJ1736.5-2839 264.131713867 -28.6539993286 0.13203 6.019 4.552 3.601
3FGLJ1737.9-2511 264.476104736 -25.1858005524 0.15966 7.277 5.503 4.353
3FGLJ1739.9-3124c 264.990203857 -31.4029006958 1.11213 50.687 38.330 30.320
3FGLJ1740.5-2843 265.125 -28.716999054 0.21519 9.810 7.419 5.868
3FGLJ1740.5-2726 265.134490967 -27.4500007629 0.13716 6.251 4.727 3.739
3FGLJ1740.5-2642 265.13659668 -26.7115001678 0.17514 7.983 6.037 4.775
3FGLJ1740.8-1933 265.212585449 -19.5652008057 0.08172 3.725 2.817 2.228
3FGLJ1740.8-6755 265.214691162 -67.9278030396 0.00639 0.292 0.221 0.175
3FGLJ1741.4+0938 265.3565979 9.63770008087 0.00999 0.454 0.343 0.272
3FGLJ1742.4-7237 265.622009277 -72.6179962158 0.00495 0.225 0.170 0.135
3FGLJ1742.6-3321 265.665008545 -33.3562011719 0.17964 8.187 6.191 4.897
3FGLJ1743.9-1310 265.992706299 -13.1787996292 0.04059 1.849 1.398 1.106
3FGLJ1744.1-7619 266.045196533 -76.3285980225 0.0234 1.068 0.808 0.639
3FGLJ1744.5-2506 266.13571167 -25.1002998352 0.11502 5.243 3.965 3.136
3FGLJ1744.7-3043 266.1796875 -30.719499588 0.99783 45.476 34.389 27.203
3FGLJ1744.7-2252 266.180908203 -22.8694992065 0.08622 3.930 2.972 2.351
3FGLJ1744.8-1557 266.215087891 -15.9588003159 0.04203 1.916 1.449 1.146
3FGLJ1745.3-2903c 266.342987061 -29.0629997253 7.65882 349.057 263.959 208.799
3FGLJ1745.4+4721 266.373413086 47.3506011963 0.00198 0.091 0.069 0.054
3FGLJ1746.6+0433 266.652313232 4.55950021744 0.02619 1.193 0.902 0.713
3FGLJ1747.0-3506 266.756103516 -35.1072006226 0.06138 2.797 2.115 1.673
3FGLJ1747.0-2828 266.774902344 -28.4818992615 10.65006 485.385 367.051 290.348
3FGLJ1747.3+0324 266.84588623 3.41289997101 0.02439 1.113 0.842 0.666
3FGLJ1747.7-2904 266.942901611 -29.0748004913 0.972 44.299 33.499 26.499
3FGLJ1748.0+2701 267.015014648 27.0219993591 0.00549 0.248 0.187 0.148
3FGLJ1748.3-2815c 267.092498779 -28.2588996887 5.22774 238.258 180.172 142.521
3FGLJ1748.5-3912 267.131286621 -39.2062988281 0.03321 1.514 1.145 0.906
3FGLJ1749.2-2911 267.314910889 -29.192899704 0.45189 20.593 15.572 12.318
3FGLJ1749.6-3133 267.422088623 -31.552400589 0.35811 16.321 12.342 9.763
3FGLJ1749.7-0305 267.447692871 -3.08649992943 0.05202 2.371 1.793 1.419
3FGLJ1750.9-2220 267.742614746 -22.3448009491 0.12213 5.566 4.209 3.330
3FGLJ1753.6-4447 268.404388428 -44.7929992676 0.02061 0.937 0.708 0.560
3FGLJ1754.0-2930 268.500396729 -29.5058994293 0.08208 3.742 2.830 2.239
3FGLJ1754.0-2538 268.508392334 -25.6485996246 1.96533 89.570 67.733 53.579
3FGLJ1754.0-3321 268.518096924 -33.3633995056 0.07398 3.372 2.550 2.017
3FGLJ1757.7-6030 269.428192139 -60.5061988831 0.0072 0.327 0.247 0.196
3FGLJ1757.8-3126 269.469696045 -31.4458007812 0.09675 4.413 3.338 2.640
3FGLJ1758.8-2402 269.70489502 -24.036699295 1.04454 47.606 36.000 28.477
3FGLJ1758.8-2346 269.707214355 -23.7833003998 0.82692 37.689 28.501 22.545
3FGLJ1758.8-4108 269.71270752 -41.1361999512 0.0153 0.695 0.525 0.416
3FGLJ1759.2-3848 269.81439209 -38.8106994629 0.01917 0.875 0.662 0.523
3FGLJ1759.6-2141 269.910400391 -21.6919002533 0.35748 16.295 12.323 9.748
3FGLJ1800.0-2955 270.022796631 -29.9262008667 0.07416 3.383 2.559 2.024
3FGLJ1800.8-2402 270.221588135 -24.0351009369 4.50468 205.306 155.254 122.810
3FGLJ1801.5-7825 270.388092041 -78.4243011475 0.02061 0.939 0.710 0.562
3FGLJ1801.6-2213 270.400085449 -22.2198009491 0.86121 39.252 29.683 23.480
3FGLJ1802.4-3043 270.613708496 -30.724199295 0.06786 3.093 2.339 1.850
3FGLJ1803.1-2728 270.785614014 -27.466999054 0.09414 4.293 3.247 2.568
3FGLJ1803.3-6706 270.843292236 -67.1159973145 0.00504 0.231 0.175 0.138
3FGLJ1804.1+2532 271.039093018 25.5426998138 0.00819 0.373 0.282 0.223
3FGLJ1804.5-0850 271.130401611 -8.84210014343 0.09018 4.110 3.108 2.458
3FGLJ1805.9+3407 271.478912354 34.1246986389 0.00477 0.218 0.165 0.130
3FGLJ1806.2+2744 271.554992676 27.7490005493 0.00666 0.304 0.230 0.182
3FGLJ1806.7-2451 271.680603027 -24.8551006317 0.16254 7.408 5.602 4.432
3FGLJ1806.8+5346 271.724487305 53.7806015015 0.00315 0.142 0.107 0.085
3FGLJ1808.3-3357 272.096801758 -33.9631996155 0.02529 1.151 0.870 0.688
3FGLJ1808.4-3519 272.101104736 -35.3291015625 0.01863 0.846 0.639 0.506
3FGLJ1808.4-3703 272.123809814 -37.0507011414 0.01341 0.610 0.461 0.365
3FGLJ1809.0+3517 272.272796631 35.2851982117 0.0036 0.161 0.121 0.096
3FGLJ1809.2-2725 272.315002441 -27.4281005859 0.04608 2.102 1.590 1.258
3FGLJ1809.2-2016c 272.324493408 -20.2821998596 8.39088 382.419 289.187 228.755
3FGLJ1810.7+5335 272.683197021 53.5885009766 0.00225 0.102 0.077 0.061
3FGLJ1810.8-2412 272.714996338 -24.2124004364 0.17064 7.777 5.881 4.652
3FGLJ1813.6-6845 273.413391113 -68.7633972168 0.00792 0.361 0.273 0.216
3FGLJ1813.6+2820 273.420684814 28.3363990784 0.00738 0.338 0.256 0.202
3FGLJ1813.6-1148 273.423400879 -11.8084001541 0.2844 12.960 9.800 7.752
3FGLJ1814.0-1757c 273.513793945 -17.9612007141 8.80155 401.137 303.342 239.952
3FGLJ1814.1-1734c 273.544799805 -17.5816993713 2.40462 109.593 82.875 65.556
3FGLJ1815.1+5919 273.7940979 59.3263015747 0.00252 0.116 0.088 0.070
3FGLJ1816.0-6407 274.002105713 -64.1333007812 0.00594 0.271 0.205 0.162
3FGLJ1816.2-2726 274.05859375 -27.446100235 0.03105 1.413 1.068 0.845
3FGLJ1816.5-1145 274.126312256 -11.7645998001 0.23544 10.730 8.114 6.418
3FGLJ1817.3-3033 274.342407227 -30.5522003174 0.01989 0.906 0.685 0.542
3FGLJ1817.7+2530 274.434112549 25.5046005249 0.0126 0.574 0.434 0.343
3FGLJ1818.5+1320 274.63269043 13.3374004364 0.01359 0.620 0.469 0.371
3FGLJ1819.5-2045c 274.875701904 -20.7663993835 0.5391 24.572 18.582 14.699
3FGLJ1819.5-1345 274.896697998 -13.7624998093 1.80225 82.140 62.115 49.135
3FGLJ1820.3-1529c 275.09979248 -15.4891004562 0.9693 44.175 33.405 26.424
3FGLJ1820.4-3217 275.103302002 -32.2859992981 0.01917 0.874 0.661 0.523
3FGLJ1821.6-1436c 275.416992188 -14.6122999191 1.71612 78.212 59.144 46.785
3FGLJ1821.9+6636 275.477111816 66.6006011963 0.00387 0.175 0.132 0.105
3FGLJ1823.2-4722 275.804992676 -47.3805007935 0.00657 0.298 0.225 0.178
3FGLJ1823.2-1339 275.820404053 -13.6513004303 1.04103 47.447 35.880 28.382
3FGLJ1824.2-5427 276.051605225 -54.4516983032 0.00936 0.424 0.320 0.253
3FGLJ1824.3-0620 276.0987854 -6.33949995041 0.0801 3.651 2.761 2.184
3FGLJ1827.3-1446 276.834014893 -14.76720047 0.32103 14.630 11.063 8.751
3FGLJ1827.6-0846 276.907989502 -8.77060031891 0.29016 13.224 10.000 7.910
3FGLJ1827.7+1141 276.925415039 11.6970996857 0.01692 0.770 0.582 0.460
3FGLJ1829.2+3229 277.306396484 32.4976997375 0.00774 0.352 0.266 0.211
3FGLJ1829.2+2731 277.313201904 27.5254001617 0.00999 0.456 0.345 0.273
3FGLJ1829.2-1504 277.321014404 -15.0826997757 0.17199 7.838 5.927 4.689
3FGLJ1829.3-0135c 277.332489014 -1.59019994736 0.11142 5.080 3.842 3.039
3FGLJ1829.9-0203c 277.488311768 -2.05410003662 0.27522 12.542 9.484 7.502
3FGLJ1830.7-1630 277.69821167 -16.5142993927 0.07128 3.248 2.456 1.943
3FGLJ1830.8-3136 277.710601807 -31.6026992798 0.01629 0.742 0.561 0.444
3FGLJ1831.6-6503 277.918609619 -65.0655975342 0.00558 0.255 0.193 0.152
3FGLJ1831.7-0230 277.942108154 -2.50069999695 0.26091 11.892 8.993 7.113
3FGLJ1831.7-0157c 277.947692871 -1.96140003204 2.10789 96.070 72.649 57.467
3FGLJ1834.8-0630c 278.712585449 -6.51070022583 0.50067 22.817 17.254 13.648
3FGLJ1837.3-2403 279.330200195 -24.0596008301 0.0243 1.108 0.838 0.663
3FGLJ1837.6-0717 279.402496338 -7.29680013657 1.32903 60.569 45.802 36.231
3FGLJ1838.1+3827 279.549804688 38.4634017944 0.00621 0.283 0.214 0.169
3FGLJ1838.9-0646 279.727996826 -6.77559995651 1.79262 81.699 61.781 48.871
3FGLJ1839.3-0552 279.847991943 -5.88159990311 1.86867 85.169 64.406 50.947
3FGLJ1839.9+7646 279.999786377 76.7828979492 0.00765 0.351 0.266 0.210
3FGLJ1840.5+6116 280.129699707 61.2831001282 0.00315 0.145 0.110 0.087
3FGLJ1842.2+2742 280.562988281 27.7026004791 0.01134 0.515 0.389 0.308
3FGLJ1843.0-0359c 280.76159668 -3.9892001152 2.6505 120.796 91.346 72.258
3FGLJ1843.7-0322 280.928192139 -3.37719988823 1.34667 61.375 46.412 36.713
3FGLJ1844.3-0344 281.099700928 -3.74679994583 1.80774 82.389 62.303 49.283
3FGLJ1844.7-1224 281.182006836 -12.4132003784 0.06723 3.063 2.316 1.832
3FGLJ1845.5-2524 281.386993408 -25.4095993042 0.02709 1.237 0.936 0.740
3FGLJ1848.4-0141 282.118286133 -1.69270002842 2.10033 95.726 72.389 57.261
3FGLJ1848.6+3232 282.157196045 32.5444984436 0.00693 0.316 0.239 0.189
3FGLJ1849.5-0124c 282.396514893 -1.41320002079 1.80774 82.390 62.304 49.284
3FGLJ1850.5-0024 282.632110596 -0.4049000144 1.05714 48.179 36.433 28.820
3FGLJ1851.2+0423 282.8046875 4.39099979401 0.24237 11.047 8.354 6.608
3FGLJ1852.8+0158 283.209106445 1.97220003605 0.76014 34.645 26.199 20.724
3FGLJ1855.4+0454 283.856414795 4.91160011292 0.405 18.457 13.957 11.041
3FGLJ1855.6+0753 283.910614014 7.88339996338 0.837 38.145 28.845 22.818
3FGLJ1856.1-1217 284.032287598 -12.2999000549 0.03411 1.554 1.175 0.930
3FGLJ1857.0-7341 284.252685547 -73.6865997314 0.00819 0.373 0.282 0.223
3FGLJ1857.2+0059 284.309509277 0.986299991608 0.53802 24.520 18.542 14.668
3FGLJ1857.8+0129c 284.471191406 1.49779999256 0.73674 33.575 25.389 20.084
3FGLJ1857.9+0355 284.488800049 3.92779994011 1.06758 48.655 36.793 29.104
3FGLJ1857.9+0210 284.490203857 2.17039990425 0.94842 43.225 32.687 25.856
3FGLJ1857.9+7319 284.490386963 73.3265991211 0.009 0.410 0.310 0.245
3FGLJ1857.9+5549 284.5 55.8251991272 0.00387 0.177 0.134 0.106
3FGLJ1858.0-5423 284.500793457 -54.3914985657 0.00657 0.301 0.228 0.180
3FGLJ1859.6+0102 284.91519165 1.035400033 0.56844 25.908 19.592 15.497
3FGLJ1900.3+0411c 285.097503662 4.19250011444 2.37402 108.198 81.820 64.722
3FGLJ1900.8+0337 285.204803467 3.62299990654 1.37889 62.845 47.524 37.593
3FGLJ1901.1+0728 285.295806885 7.47559976578 0.36657 16.706 12.633 9.993
3FGLJ1901.5-0126 285.399414062 -1.44809997082 0.07182 3.271 2.473 1.956
3FGLJ1902.3-3702c 285.579101562 -37.0425987244 0.1215 5.538 4.188 3.312
3FGLJ1902.6+0655 285.657104492 6.93179988861 0.72891 33.219 25.120 19.871
3FGLJ1903.9+0052 285.99798584 0.869599997997 0.13959 6.364 4.813 3.807
3FGLJ1904.7-0708 286.197998047 -7.13819980621 0.03096 1.410 1.066 0.844
3FGLJ1904.9+0818 286.243103027 8.30599975586 0.42462 19.353 14.635 11.576
3FGLJ1906.6+0720 286.671386719 7.33389997482 1.40436 64.004 48.400 38.286
3FGLJ1908.9+1022 287.227996826 10.3748998642 0.34452 15.700 11.872 9.391
3FGLJ1911.1-5318 287.794891357 -53.3026008606 0.00603 0.277 0.210 0.166
3FGLJ1911.7+0307 287.931091309 3.13010001183 0.07524 3.431 2.595 2.053
3FGLJ1912.7+4610 288.178192139 46.1721000671 0.0063 0.286 0.216 0.171
3FGLJ1915.2+0954 288.802185059 9.90839958191 0.72216 32.915 24.891 19.689
3FGLJ1917.1-3024 289.288513184 -30.4165992737 0.00855 0.389 0.294 0.233
3FGLJ1919.0+0452 289.76071167 4.87389993668 0.10341 4.714 3.565 2.820
3FGLJ1919.9+1407 289.980712891 14.1178998947 0.85041 38.758 29.309 23.184
3FGLJ1921.2+1506 290.30758667 15.1094999313 0.45792 20.871 15.783 12.485
3FGLJ1921.6+1934 290.407104492 19.5813007355 0.18036 8.218 6.214 4.916
3FGLJ1922.2+2313 290.56539917 23.2259998322 0.09216 4.202 3.178 2.514
3FGLJ1923.2-7452 290.820007324 -74.8816986084 0.00594 0.272 0.206 0.163
3FGLJ1924.8-1034 291.209289551 -10.5818004608 0.01746 0.798 0.604 0.478
3FGLJ1925.4+1605 291.353485107 16.096200943 0.97839 44.590 33.719 26.673
3FGLJ1925.4+1727 291.373199463 17.4631996155 0.88209 40.202 30.401 24.048
3FGLJ1925.8-7826 291.450500488 -78.4376983643 0.04185 1.906 1.441 1.140
3FGLJ1928.4+1838 292.113098145 18.633600235 0.38736 17.654 13.350 10.560
3FGLJ1928.9+1739 292.236694336 17.6567001343 0.63171 28.789 21.770 17.221
3FGLJ1931.1+1659 292.778900146 16.9911994934 0.58293 26.567 20.090 15.892
3FGLJ1934.2+6002 293.550201416 60.0399017334 0.00477 0.214 0.161 0.128
3FGLJ1935.2-7924c 293.802612305 -79.407699585 0.03681 1.676 1.267 1.002
3FGLJ1936.6-4215 294.164215088 -42.2659988403 0.00666 0.307 0.233 0.184
3FGLJ1943.8+2518 295.970611572 25.3031005859 0.1908 8.696 6.576 5.202
3FGLJ1944.0-0535 296.0 -5.59060001373 0.02961 1.349 1.020 0.807
3FGLJ1944.1+3919 296.039398193 39.3246002197 0.02142 0.976 0.738 0.584
3FGLJ1944.8+4300 296.221588135 43.004699707 0.01665 0.759 0.574 0.454
3FGLJ1945.3+7329 296.344207764 73.4899978638 0.01575 0.718 0.543 0.429
3FGLJ1946.4-5403 296.6144104 -54.0569992065 0.00396 0.181 0.137 0.109
3FGLJ1947.4-1121 296.857391357 -11.3543996811 0.01665 0.760 0.575 0.455
3FGLJ1947.9-0743 296.97869873 -7.71979999542 0.01818 0.826 0.624 0.494
3FGLJ1948.1-7059 297.036712646 -70.9887008667 0.00594 0.273 0.207 0.163
3FGLJ1949.3+2433 297.328887939 24.5650005341 0.37818 17.237 13.035 10.311
3FGLJ1949.5-1454 297.39440918 -14.9141998291 0.0171 0.780 0.590 0.466
3FGLJ1949.6+2355 297.409698486 23.9249992371 0.23166 10.559 7.985 6.316
3FGLJ1949.7-8109 297.437591553 -81.1643981934 0.06345 2.893 2.188 1.730
3FGLJ1950.2+1215 297.559112549 12.2551002502 0.01944 0.887 0.671 0.531
3FGLJ1951.3+6909 297.832702637 69.1557006836 0.01926 0.877 0.663 0.525
3FGLJ1951.8-1102 297.968505859 -11.0335998535 0.0162 0.738 0.558 0.442
3FGLJ1953.3+3847 298.329101562 38.7980003357 0.02511 1.142 0.863 0.683
3FGLJ1953.4+7653 298.361785889 76.8899993896 0.01809 0.823 0.622 0.492
3FGLJ1955.7-7019 298.948394775 -70.3218002319 0.00468 0.210 0.158 0.125
3FGLJ1957.9-0712 299.483886719 -7.2108001709 0.01053 0.478 0.361 0.286
3FGLJ1958.1+2436 299.525909424 24.6144008636 0.14229 6.484 4.903 3.878
3FGLJ1958.1-0243 299.527404785 -2.72140002251 0.03285 1.495 1.130 0.894
3FGLJ1958.2-1413 299.567993164 -14.2222995758 0.02727 1.244 0.941 0.744
3FGLJ1958.6+3844 299.674285889 38.7453994751 0.0486 2.215 1.675 1.325
3FGLJ2004.4+3338 301.103210449 33.6450996399 0.26073 11.884 8.987 7.109
3FGLJ2005.7-8241 301.437988281 -82.6989974976 0.02097 0.958 0.725 0.573
3FGLJ2006.5-0939 301.627807617 -9.66609954834 0.01152 0.525 0.397 0.314
3FGLJ2006.6+0150 301.659393311 1.84599995613 0.009 0.409 0.309 0.245
3FGLJ2009.2-1458 302.303710938 -14.9776000977 0.01782 0.811 0.613 0.485
3FGLJ2010.0-2120 302.505615234 -21.3342990875 0.01134 0.516 0.390 0.308
3FGLJ2011.1+4203 302.798492432 42.0555992126 0.08424 3.840 2.904 2.297
3FGLJ2014.5+5246 303.648712158 52.7690010071 0.02592 1.180 0.892 0.706
3FGLJ2015.3-1431 303.849487305 -14.5314998627 0.00684 0.310 0.234 0.185
3FGLJ2017.9+3627 304.484710693 36.4590988159 0.24741 11.276 8.527 6.745
3FGLJ2018.6+4213 304.674713135 42.2304000854 0.3249 14.810 11.200 8.859
3FGLJ2022.2-7220 305.565093994 -72.3395996094 0.00477 0.218 0.165 0.130
3FGLJ2023.5+4126 305.87600708 41.4337005615 0.73566 33.529 25.355 20.056
3FGLJ2024.6+0309 306.153503418 3.15899991989 0.01098 0.500 0.378 0.299
3FGLJ2024.6+3747 306.172393799 37.7967987061 0.21708 9.892 7.480 5.917
3FGLJ2024.8-2331 306.209594727 -23.5279998779 0.00612 0.276 0.208 0.165
3FGLJ2025.1-2858 306.276885986 -28.9764003754 0.00495 0.227 0.172 0.136
3FGLJ2026.3+1430 306.587005615 14.5145998001 0.00936 0.428 0.324 0.256
3FGLJ2026.4+4709 306.600311279 47.1623001099 0.11124 5.072 3.836 3.034
3FGLJ2026.8+4003 306.716094971 40.0526008606 1.11924 51.011 38.575 30.514
3FGLJ2026.8+2813 306.717590332 28.231300354 0.05751 2.621 1.982 1.568
3FGLJ2028.5+4040c 307.134887695 40.6769981384 0.36747 16.749 12.666 10.019
3FGLJ2028.7+1012 307.191314697 10.2070999146 0.00936 0.425 0.321 0.254
3FGLJ2029.5-4232 307.389312744 -42.537399292 0.00477 0.217 0.164 0.130
3FGLJ2030.5-1439 307.629486084 -14.654299736 0.00504 0.229 0.173 0.137
3FGLJ2032.5+4032 308.125305176 40.5349006653 0.27666 12.606 9.532 7.540
3FGLJ2032.5+3921 308.139404297 39.3588981628 0.58617 26.716 20.203 15.981
3FGLJ2033.3+4348c 308.337799072 43.8117980957 0.40734 18.565 14.039 11.105
3FGLJ2034.4+3833c 308.620788574 38.5640983582 0.36207 16.501 12.478 9.871
3FGLJ2034.6+4302 308.67010498 43.0390014648 0.5661 25.801 19.511 15.433
3FGLJ2034.6-4202 308.673492432 -42.0397987366 0.00342 0.154 0.116 0.092
3FGLJ2035.0+3634 308.75769043 36.581401825 0.12204 5.562 4.206 3.327
3FGLJ2035.6+3146 308.908111572 31.7702999115 0.06723 3.065 2.318 1.834
3FGLJ2035.8+4902 308.958312988 49.0466995239 0.14292 6.513 4.925 3.896
3FGLJ2036.8+4234c 309.221984863 42.5680999756 0.35289 16.083 12.162 9.620
3FGLJ2037.4+4132c 309.353912354 41.5340003967 0.66285 30.211 22.846 18.072
3FGLJ2038.4+4212 309.624786377 42.2084999084 1.1664 53.159 40.199 31.799
3FGLJ2038.8-3613 309.705810547 -36.2178001404 0.00369 0.170 0.129 0.102
3FGLJ2039.4+4111 309.854003906 41.1982002258 0.69489 31.669 23.948 18.944
3FGLJ2039.6-5618 309.917999268 -56.3120994568 0.00459 0.208 0.157 0.124
3FGLJ2039.7+1237 309.937408447 12.6259002686 0.00666 0.304 0.230 0.182
3FGLJ2041.1+4736 310.280700684 47.6030006409 0.16632 7.581 5.733 4.535
3FGLJ2042.3-5416 310.596405029 -54.2694015503 0.00432 0.198 0.150 0.118
3FGLJ2042.4+4209 310.614196777 42.1531982422 0.60003 27.346 20.679 16.358
3FGLJ2043.1+4350 310.776611328 43.8353004456 0.29556 13.468 10.184 8.056
3FGLJ2043.6+0001 310.901489258 0.0287999995053 0.00531 0.242 0.183 0.145
3FGLJ2043.8-4801 310.950408936 -48.0205993652 0.00288 0.131 0.099 0.078
3FGLJ2044.0+1035 311.000213623 10.5902004242 0.00639 0.289 0.218 0.173
3FGLJ2045.6-6838 311.407196045 -68.6346969604 0.00405 0.184 0.139 0.110
3FGLJ2046.7-4259 311.697814941 -42.9841003418 0.00261 0.119 0.090 0.071
3FGLJ2047.9-3119 311.983612061 -31.324300766 0.00576 0.264 0.200 0.158
3FGLJ2048.8+4436 312.2237854 44.6082000732 0.38664 17.623 13.327 10.542
3FGLJ2053.1+6027 313.288391113 60.4581985474 0.07146 3.254 2.460 1.946
3FGLJ2053.4-4052 313.356994629 -40.8714981079 0.00405 0.185 0.140 0.111
3FGLJ2053.9+2922 313.476104736 29.3736000061 0.01278 0.585 0.443 0.350
3FGLJ2054.3+6907 313.586700439 69.130897522 0.0369 1.680 1.270 1.005
3FGLJ2054.8-4908 313.724914551 -49.135799408 0.00279 0.129 0.098 0.077
3FGLJ2055.6+1609 313.900787354 16.1560993195 0.0063 0.287 0.217 0.172
3FGLJ2056.3-5925 314.096984863 -59.4217987061 0.00369 0.169 0.128 0.101
3FGLJ2058.0+4347 314.503387451 43.7948989868 0.31302 14.265 10.787 8.533
3FGLJ2058.3+3729 314.580810547 37.4892997742 0.0486 2.213 1.673 1.324
3FGLJ2059.9+2029 314.994995117 20.4880008698 0.01296 0.592 0.448 0.354
3FGLJ2100.6-7844 315.157989502 -78.7464981079 0.01098 0.501 0.379 0.300
3FGLJ2102.8+4704 315.723907471 47.0694999695 0.2007 9.146 6.916 5.471
3FGLJ2103.7-1113 315.94241333 -11.2291002274 0.0099 0.448 0.338 0.268
3FGLJ2104.7+2113 316.192810059 21.2282009125 0.01467 0.671 0.508 0.402
3FGLJ2107.1+2248 316.794799805 22.8038005829 0.01233 0.564 0.427 0.337
3FGLJ2108.1+5202 317.044708252 52.0424003601 0.31617 14.408 10.895 8.618
3FGLJ2109.4+1437 317.35949707 14.6197004318 0.00846 0.385 0.291 0.230
3FGLJ2110.0+0442 317.51260376 4.70450019836 0.00981 0.447 0.338 0.267
3FGLJ2110.4+5946 317.619293213 59.7793006897 0.08847 4.031 3.048 2.411
3FGLJ2112.5-3044 318.144714355 -30.7343997955 0.00873 0.397 0.300 0.238
3FGLJ2114.0+5239 318.524291992 52.6523017883 0.35127 16.006 12.103 9.574
3FGLJ2115.2+1215 318.821990967 12.2595996857 0.00594 0.271 0.205 0.162
3FGLJ2116.2+4422 319.06350708 44.3805007935 0.06678 3.044 2.302 1.821
3FGLJ2116.9+1343 319.234191895 13.728099823 0.00495 0.226 0.171 0.135
3FGLJ2117.6+3725 319.420806885 37.4255981445 0.01395 0.637 0.482 0.381
3FGLJ2118.3+5751 319.588012695 57.8625984192 0.07128 3.248 2.456 1.943
3FGLJ2120.4-1256 320.123413086 -12.9462995529 0.00504 0.229 0.173 0.137
3FGLJ2121.5-8253 320.38079834 -82.8930969238 0.01449 0.658 0.497 0.394
3FGLJ2125.8+5832 321.461212158 58.5489997864 0.10386 4.732 3.578 2.831
3FGLJ2127.1-5615 321.784301758 -56.2552986145 0.00558 0.255 0.193 0.153
3FGLJ2127.5-6001 321.892700195 -60.0312995911 0.00252 0.117 0.089 0.070
3FGLJ2130.4-4237 322.614807129 -42.6315002441 0.00225 0.100 0.075 0.060
3FGLJ2131.1-6625 322.790893555 -66.4169006348 0.00261 0.118 0.089 0.071
3FGLJ2131.5+2605 322.895507812 26.0970993042 0.01134 0.520 0.394 0.311
3FGLJ2133.0-6433 323.258605957 -64.5534973145 0.00324 0.147 0.111 0.088
3FGLJ2133.6+2821 323.403686523 28.3575992584 0.01449 0.659 0.498 0.394
3FGLJ2134.5-2131 323.64630127 -21.5216999054 0.0036 0.166 0.126 0.100
3FGLJ2135.6+5742 323.900512695 57.7131004333 0.14049 6.405 4.844 3.831
3FGLJ2138.2-4939 324.554412842 -49.6557006836 0.00207 0.093 0.070 0.055
3FGLJ2139.5+3919 324.897186279 39.3237991333 0.0207 0.942 0.712 0.563
3FGLJ2142.6-2029 325.656402588 -20.4986991882 0.00288 0.132 0.100 0.079
3FGLJ2142.7+1957 325.681793213 19.9575004578 0.00927 0.421 0.318 0.252
3FGLJ2144.6-5640 326.154510498 -56.679599762 0.00288 0.131 0.099 0.078
3FGLJ2144.6+6606 326.162689209 66.1036987305 0.09603 4.377 3.310 2.618
3FGLJ2145.5+1007 326.376495361 10.1302995682 0.00504 0.231 0.175 0.138
3FGLJ2147.2+4730c 326.810211182 47.5153999329 0.09531 4.344 3.285 2.598
3FGLJ2150.5-1754 327.639587402 -17.9106006622 0.00369 0.167 0.126 0.100
3FGLJ2151.6+4154 327.903198242 41.90599823 0.02556 1.165 0.881 0.697
3FGLJ2153.9+6626 328.485992432 66.4477996826 0.06417 2.925 2.212 1.750
3FGLJ2200.0-6930 330.023986816 -69.5036010742 0.00279 0.126 0.095 0.075
3FGLJ2205.9-4704 331.476104736 -47.0812988281 0.00117 0.054 0.041 0.032
3FGLJ2206.5+6451 331.628814697 64.8564987183 0.09846 4.487 3.393 2.684
3FGLJ2209.0+3652 332.26739502 36.8689002991 0.01332 0.607 0.459 0.363
3FGLJ2209.8-0450 332.467102051 -4.84980010986 0.00594 0.271 0.205 0.162
3FGLJ2210.1+5925 332.526092529 59.4211997986 0.12816 5.841 4.417 3.494
3FGLJ2210.1+6043 332.531402588 60.7248001099 0.09216 4.203 3.179 2.514
3FGLJ2210.2+6509 332.553009033 65.1636962891 0.06885 3.136 2.371 1.876
3FGLJ2212.5+0703 333.147003174 7.05980014801 0.00594 0.268 0.202 0.160
3FGLJ2215.5+6122 333.876800537 61.379699707 0.20007 9.120 6.897 5.455
3FGLJ2217.2+6346 334.307006836 63.7737998962 0.13419 6.115 4.624 3.658
3FGLJ2217.8+3207 334.461608887 32.1316986084 0.0072 0.327 0.247 0.195
3FGLJ2220.6-6833 335.150512695 -68.5544967651 0.0027 0.121 0.091 0.072
3FGLJ2221.6+6507 335.414215088 65.1272964478 0.06615 3.017 2.282 1.805
3FGLJ2221.7+6318 335.435302734 63.3030014038 0.38061 17.345 13.116 10.376
3FGLJ2223.3+0103 335.837799072 1.05180001259 0.00576 0.265 0.201 0.159
3FGLJ2224.4+0351 336.101806641 3.85940003395 0.00945 0.429 0.324 0.256
3FGLJ2228.5-1636 337.148590088 -16.6016998291 0.0027 0.123 0.093 0.073
3FGLJ2229.1+2255 337.283294678 22.9288005829 0.00432 0.198 0.150 0.118
3FGLJ2233.1+6542 338.278900146 65.7147979736 0.29934 13.640 10.314 8.159
3FGLJ2237.5-8326 339.391113281 -83.4372024536 0.02862 1.303 0.985 0.779
3FGLJ2237.9+6320 339.481994629 63.3339996338 0.07848 3.575 2.703 2.139
3FGLJ2244.6+2503 341.160491943 25.0506000519 0.00549 0.252 0.191 0.151
3FGLJ2247.2-0004 341.811889648 -0.0718000009656 0.00702 0.320 0.242 0.191
3FGLJ2249.3-5943 342.347991943 -59.7225990295 0.00189 0.084 0.063 0.050
3FGLJ2250.3+1747 342.580688477 17.7957992554 0.00612 0.282 0.214 0.169
3FGLJ2250.6+3308 342.673187256 33.141998291 0.01008 0.459 0.347 0.274
3FGLJ2253.1-1237 343.296813965 -12.6281003952 0.00324 0.150 0.114 0.090
3FGLJ2254.1+6229 343.547393799 62.4968986511 0.22158 10.099 7.637 6.041
3FGLJ2254.6+4253 343.657012939 42.8883018494 0.02214 1.009 0.763 0.603
3FGLJ2258.2-3645 344.561706543 -36.75 0.00135 0.060 0.045 0.036
3FGLJ2258.8+2437 344.724212646 24.6236991882 0.00963 0.438 0.331 0.262
3FGLJ2259.9-1553 344.996307373 -15.896900177 0.00252 0.115 0.087 0.069
3FGLJ2300.0+4053 345.024200439 40.8928985596 0.00918 0.417 0.315 0.249
3FGLJ2300.1-3547 345.042602539 -35.7877006531 0.00126 0.055 0.041 0.033
3FGLJ2303.7+5555 345.944213867 55.9168014526 0.03834 1.749 1.323 1.046
3FGLJ2305.8+1658 346.472595215 16.9775009155 0.00927 0.424 0.321 0.254
3FGLJ2309.0+5428 347.25201416 54.4758987427 0.0315 1.435 1.085 0.859
3FGLJ2310.1-0557 347.546295166 -5.95170021057 0.00315 0.143 0.108 0.086
3FGLJ2313.1+3935 348.277008057 39.5862998962 0.00837 0.381 0.288 0.228
3FGLJ2318.6-3829 349.665802002 -38.4967002869 0.00153 0.072 0.055 0.043
3FGLJ2321.3+5113 350.345306396 51.2210006714 0.02385 1.087 0.822 0.650
3FGLJ2321.6-1619 350.405090332 -16.3313007355 0.00225 0.102 0.077 0.061
3FGLJ2323.7+2523 350.946990967 25.3876991272 0.00414 0.188 0.142 0.112
3FGLJ2327.2-4130 351.824798584 -41.5080986023 0.00126 0.060 0.046 0.036
3FGLJ2329.8+6102 352.456695557 61.0401992798 0.07659 3.491 2.640 2.088
3FGLJ2331.9-1609 352.991912842 -16.156999588 0.00207 0.095 0.072 0.057
3FGLJ2333.0-5525 353.26361084 -55.4264984131 0.00108 0.048 0.036 0.029
3FGLJ2334.4-7948 353.607696533 -79.8041000366 0.00612 0.277 0.209 0.166
3FGLJ2335.6-2342 353.900512695 -23.7131004333 0.0018 0.082 0.062 0.049
3FGLJ2337.2-8425 354.31350708 -84.4224014282 0.01269 0.581 0.440 0.348
3FGLJ2337.5+4108 354.393798828 41.1385993958 0.01098 0.502 0.380 0.300
3FGLJ2338.7+0251 354.694091797 2.85669994354 0.00657 0.299 0.226 0.179
3FGLJ2340.7+3847 355.187988281 38.7965011597 0.00981 0.446 0.337 0.267
3FGLJ2343.0-4748 355.763397217 -47.8019981384 0.00099 0.045 0.034 0.027
3FGLJ2344.9-5647 356.225402832 -56.7896995544 0.00108 0.047 0.035 0.028
3FGLJ2351.9-7601 357.981506348 -76.0300979614 0.00333 0.152 0.115 0.091
3FGLJ2353.3+6639 358.337188721 66.6592025757 0.10971 5.001 3.782 2.991
3FGLJ2354.0+2722 358.501800537 27.3731002808 0.00306 0.140 0.106 0.084
3FGLJ2354.4-6612 358.601898193 -66.2029037476 0.00189 0.085 0.064 0.051
3FGLJ2354.8-5245 358.702209473 -52.7634010315 0.00135 0.060 0.045 0.036
3FGLJ2355.4+6939 358.863800049 69.6504974365 0.05472 2.494 1.886 1.492
3FGLJ2356.9+6812 359.238800049 68.2147979736 0.04212 1.919 1.451 1.148
3FGLJ2358.5+3827 359.634185791 38.4538993835 0.00981 0.445 0.336 0.266
3FGLJ2358.6-1809 359.665893555 -18.1585006714 0.00207 0.092 0.069 0.055
