#   RA        DEC        GLON        GLAT    Pol   e_Pol  EVPA  e_EVPA  galPA
#  1-  9  F9.5  deg     RAdeg    Right Ascension (J2000) (1)
# 13- 20  F8.5  deg     DEdeg    Declination (J2000) (1)
# 24- 32  F9.5  deg     GLON     Galactic longitude (1)
# 36- 43  F8.5  deg     GLAT     Galactic latitude (1)
# 47- 49  F3.1  %       Pol      [0.5/4.5] Polarization degree percentage (2)
# 53- 55  F3.1  %     e_Pol      [0.2/1.9] Error in polarization degree
# 59- 61  I3    deg     EVPA     [-90/90] Electric vector polarization angle (3)
# 65- 66  I2    deg   e_EVPA     [2/19] Error in EVPA
# 70- 72  I3    deg     galPA    [0/180] Galactic polarization angle (4)
  0.17671   89.14889   122.72350   26.29776   1.5   0.6    -3    6     8
  1.12839   88.29591   122.54824   25.45924   0.9   0.4   -10    9     1
  1.71204   88.42704   122.59480   25.58457   0.7   0.3    68   10    79
  1.74594   89.21092   122.76219   26.35387   0.7   0.3    27   10    38
  3.26618   88.34244   122.62593   25.49354   0.9   0.3    68    9    78
  5.02992   87.74786   122.59378   24.89671   1.0   0.4   -23   11   164
  5.19565   87.62443   122.58311   24.77347   1.3   0.5   -71   10   115
  5.21353   87.51104   122.56764   24.66095   1.2   0.4    55    7    63
  6.22270   88.24269   122.70716   25.38254   0.8   0.3    -3   15     2
  6.54390   87.63587   122.64557   24.77818   0.8   0.3    62   10    68
  8.63639   87.60530   122.73781   24.73992   1.3   0.3    66    6    70
  8.73529   87.65781   122.74643   24.79201   1.1   0.3    67    8    71
 10.23158   87.64947   122.81326   24.78014   1.9   0.3    62    4    64
 10.42599   87.63438   122.82134   24.76472   0.8   0.2    61    7    63
 10.64291   87.73499   122.83540   24.86490   0.6   0.2    52    9    54
 10.67000   87.72659   122.83623   24.85647   0.9   0.3    56    7    58
 11.51729   87.94795   122.87887   25.07676   1.2   0.5   -51    9   129
 11.54663   87.63496   122.87227   24.76382   1.3   0.2    88    4    89
 12.71533   87.61853   122.92533   24.74679   1.3   0.3    77    5    78
 13.19763   88.91103   122.93908   26.03930   0.7   0.3     2    8     1
 13.51999   87.94764   122.95804   25.07603   0.6   0.2   -23   10   156
 13.58737   89.31995   122.94157   26.44826   2.0   0.7    33    6    32
 13.96662   88.51691   122.96371   25.64544   0.5   0.2    39   10    37
 14.29598   87.86790   122.99089   24.99681   1.5   0.6   -12    7   166
 14.82509   87.51432   123.02570   24.64400   1.3   0.3    82    6    80
 14.91900   89.24844   122.96207   26.37717   1.3   0.5    52   14    50
 15.46889   88.23334   123.02092   25.36340   1.0   0.3   -60    8   116
 15.52759   87.55753   123.05702   24.68838   1.1   0.3   -70    8   106
 15.55683   87.61407   123.05552   24.74491   0.8   0.4   -54   10   123
 15.57373   87.68430   123.05271   24.81510   1.3   0.2    67    4    65
 16.10420   87.52712   123.08589   24.65925   0.8   0.2   -77    8    99
 17.61618   87.74960   123.13759   24.88545   0.8   0.2   -81    7    93
 17.66738   87.63019   123.15061   24.76661   1.0   0.4    81   12    77
 18.17385   88.03644   123.13284   25.17299   1.6   0.7   -37    7   137
 18.24062   87.75251   123.16422   24.89048   2.1   0.3    85    5    80
 18.31039   87.76430   123.16601   24.90247   2.1   0.5    69    6    64
 18.33907   87.73785   123.16997   24.87624   1.7   0.7   -75   12    99
 18.92143   87.64579   123.20569   24.78694   0.9   0.3    49   12    44
 20.11312   88.70816   123.11315   25.84664   0.6   0.3   -10   11   162
 20.52734   88.13276   123.20741   25.27744   2.3   0.6   -21    7   150
 21.12997   88.11589   123.23156   25.26342   1.0   0.2   -41    7   130
 21.19653   88.20032   123.22062   25.34730   2.2   0.4   -29    4   142
 22.10243   88.99533   123.11167   26.13651   0.6   0.3    76   11    66
 22.70315   87.85950   123.33567   25.01869   1.0   0.4   -45    9   124
 22.88999   87.87058   123.34117   25.03079   2.3   0.8   -40    8   129
 23.03234   88.01780   123.31869   25.17669   0.7   0.3   -87    9    82
 23.06845   88.20173   123.28458   25.35801   0.6   0.2   -65   11   104
 23.11259   87.82351   123.35924   24.98588   2.4   0.9   -82   12    87
 23.24656   88.06588   123.31733   25.22531   1.7   0.4   -80    7    88
 23.27719   87.80077   123.37048   24.96460   2.2   0.2   -66    2   103
 23.64210   87.72844   123.40032   24.89603   1.6   0.4    76    8    65
 24.52393   87.46546   123.49554   24.64494   0.8   0.3   -51   11   117
 25.15542   87.47152   123.52423   24.65654   1.0   0.3   -52   10   115
 25.21916   88.14915   123.37013   25.31962   1.0   0.3   -68    8    99
 25.38194   87.62801   123.49837   24.81156   0.6   0.2   -64    9   102
 25.50986   88.43758   123.31131   25.60325   0.5   0.2   -53   10   114
 25.52240   87.46258   123.54375   24.65123   2.0   0.5   -68    7    98
 25.60486   89.06949   123.16075   26.22049   0.8   0.2   -36    7   131
 26.86348   87.56190   123.58147   24.76113   1.8   0.8   -60    9   105
 27.12727   87.62524   123.57661   24.82528   1.1   0.2   -65    5   100
 27.20494   88.22942   123.41754   25.41205   1.0   0.2    49    6    34
 27.26725   87.45353   123.62891   24.66016   1.3   0.4   -66    8    99
 27.28543   88.04571   123.47006   25.23456   0.7   0.3   -29   10   136
 27.30179   88.58922   123.32257   25.76152   1.0   0.3    39    7    25
 27.69386   87.70631   123.57924   24.90954   1.5   0.3   -68    5    96
 27.88670   87.43410   123.66368   24.64822   1.4   0.4    78   11    64
 28.06978   87.52647   123.64627   24.73958   1.3   0.5   -48   16   116
 28.10717   87.90058   123.54151   25.10143   0.8   0.3   -23   10   141
 28.16165   88.37019   123.40863   25.55542   2.1   0.7    21    9     6
 28.29461   88.40844   123.40154   25.59332   0.5   0.2    23   11     8
 28.37938   87.38934   123.70002   24.61071   0.7   0.3   -89    9    75
 28.71553   87.99892   123.53607   25.20203   1.0   0.4   -23   10   140
 28.93017   87.70386   123.63263   24.92012   1.2   0.5    80   13    64
 29.61239   87.43676   123.74474   24.67148   0.7   0.3   -68    9    95
 29.87156   88.79317   123.32466   25.97369   1.0   0.4   -45    9   117
 30.16914   87.63514   123.70727   24.86838   1.3   0.3   -30    7   132
 30.23331   87.58048   123.72770   24.81689   1.3   0.4   -44   11   118
 30.34971   88.64823   123.38328   25.83826   0.6   0.2   -19    8   143
 30.85704   88.18697   123.55198   25.40258   1.0   0.4     1   13   163
 30.98943   88.87728   123.32080   26.06074   0.9   0.3    62    9    44
 31.50226   88.79238   123.36134   25.98335   1.3   0.4   -51    6   110
 31.52907   88.58775   123.43396   25.78943   0.9   0.2    75    5    57
 31.54497   87.90166   123.67437   25.13857   1.6   0.3   -61    4   100
 32.38849   87.41020   123.88444   24.68425   0.8   0.3   -78   10    82
 32.64418   88.12937   123.63256   25.36631   1.0   0.3   -48    9   111
 32.95579   89.53966   123.10897   26.69583   1.2   0.5   -47    7   112
 33.10498   89.48359   123.13185   26.64361   1.1   0.3   -25    7   134
 33.33290   87.64844   123.83868   24.92234   1.1   0.3   -81    7    78
 33.47200   87.81027   123.78286   25.07615   1.2   0.3   -54    5   105
 33.49732   87.70583   123.82376   24.97851   0.9   0.3   -67    9    92
 33.60658   89.48191   123.13726   26.64361   1.1   0.3   -58    6   101
 34.13648   87.35543   123.98757   24.66003   0.7   0.3   -67   11    92
 34.63677   87.79773   123.83384   25.08029   0.8   0.2   -60    6    98
 34.93889   89.12461   123.29901   26.31658   0.7   0.3   -61   10    96
 35.25202   88.82006   123.43216   26.03640   1.4   0.6   -46   11   111
 35.48360   87.71169   123.90309   25.01271   0.8   0.3   -40    8   116
 35.65784   88.79963   123.44949   26.02072   1.1   0.3   -33    7   123
 36.02437   87.74005   123.91302   25.04712   0.8   0.3   -79   10    77
 36.33705   87.73061   123.92963   25.04323   0.9   0.3   -84    8    72
 36.91253   89.01665   123.37871   26.22958   1.0   0.3   -45    8   110
 37.14099   88.07643   123.80725   25.37215   0.5   0.2    18   10   175
 37.54276   87.81225   123.94091   25.13681   1.4   0.2   -87    5    68
 37.91595   89.01341   123.39772   26.23374   1.8   0.7   -38   12   117
 37.98274   89.02662   123.39268   26.24621   1.5   0.4   -55    8    99
 38.01767   87.81896   123.95604   25.15042   1.9   0.3    79    5    54
 39.32211   88.88891   123.48339   26.13250   0.9   0.3   -41    7   112
 39.72625   88.92279   123.47430   26.16628   1.1   0.3   -46    6   106
 39.81721   87.29518   124.28134   24.71093   0.7   0.2    77    9    51
 39.96184   87.61480   124.13065   24.99990   1.8   0.6    51   10    24
 40.78917   88.10439   123.91509   25.45003   0.7   0.3   -25   10   127
 41.95108   87.86839   124.07773   25.26093   0.8   0.3    46   15    17
 42.32393   88.06878   123.98375   25.44291   0.7   0.3   -52    8    98
 42.51229   87.78485   124.14290   25.19803   0.9   0.3    23   10   174
 43.06810   87.84577   124.13025   25.26151   1.3   0.3    34    5     5
 44.75827   89.03086   123.50317   26.30432   1.9   0.5   -34    8   113
 45.06092   87.16610   124.59402   24.72055   0.6   0.2    85   10    54
 45.88368   89.05566   123.50617   26.33531   1.8   0.5   -37    8   109
 45.89419   89.10518   123.47641   26.37704   0.8   0.3   -47   12   100
 47.10558   89.70230   123.11975   26.88204   1.0   0.3    81   10    47
 47.26021   88.73683   123.72648   26.08377   1.4   0.4   -50   10    95
 47.26852   88.73791   123.72597   26.08477   1.4   0.5   -34    8   111
 47.38165   87.28154   124.62974   24.87835   0.7   0.3   -81   10    64
 49.62114   87.25547   124.74270   24.91798   1.0   0.4    82   13    46
 52.07728   87.25510   124.84631   24.98875   0.8   0.2   -55    8    85
 52.22620   89.12168   123.55414   26.44785   1.0   0.3   -50    7    90
 52.32151   89.04485   123.60959   26.38921   1.0   0.3   -28   10   111
 52.33646   89.04430   123.61019   26.38894   1.1   0.3   -32    6   107
 52.37136   87.17066   124.91664   24.93157   0.8   0.3   -70    8    70
 52.44532   89.26654   123.45446   26.56203   1.2   0.3   -27    7   113
 53.11504   88.61702   123.92678   26.06931   0.7   0.2   -50    8    89
 53.22801   89.12683   123.56365   26.46158   1.7   0.4   -40    5    99
 53.33442   87.15048   124.97150   24.94601   0.8   0.3   -71    9    69
 53.52076   88.90914   123.72475   26.29853   0.9   0.4   -23   10   116
 53.70484   87.39511   124.81362   25.14524   0.7   0.3    79   11    39
 53.78514   87.71787   124.58659   25.39432   1.4   0.5    44    7     4
 54.20758   88.46999   124.05622   25.97520   1.1   0.4    44    7     3
 54.35352   88.64990   123.92807   26.11349   0.9   0.4   -33    9   105
 54.58163   88.01076   124.40022   25.63592   1.6   0.5    36    6   175
 55.04747   88.89491   123.75978   26.30702   1.3   0.4   -35    6   102
 55.82489   87.58133   124.75575   25.34663   1.2   0.2    55    5    13
 57.17098   87.61048   124.77965   25.40639   1.7   0.6    33    9   170
 57.30755   87.56668   124.81767   25.37861   1.9   0.4    64    5    21
 57.68990   88.05080   124.45737   25.73768   0.5   0.2    23   11   159
 58.57581   87.76235   124.70738   25.55478   1.0   0.3    38    8   173
 60.08024   87.08141   125.29764   25.12631   0.8   0.2    29    7   163
 60.68284   87.47477   125.00366   25.41764   1.0   0.3    48    6     2
 60.69095   87.17394   125.24677   25.21220   0.8   0.3   -33    8   100
 60.71427   89.12915   123.65367   26.54206   1.1   0.3   -40    7    92
 60.76817   87.74304   124.78897   25.60322   0.6   0.3    32   10   165
 60.92610   87.64957   124.86972   25.54430   0.9   0.2    39    7   171
 61.17171   87.01984   125.38967   25.12496   1.8   0.6    -8   14   124
 61.43046   88.97286   123.79205   26.44599   0.9   0.4   -28   10   103
 61.65969   87.42346   125.07805   25.41488   0.8   0.3    54    8     6
 61.77370   88.97249   123.79692   26.45034   0.8   0.3   -40    8    90
 62.63766   87.75867   124.83053   25.66820   1.9   0.7    -2    7   128
 63.14524   88.82854   123.93775   26.37616   0.6   0.2   -40    9    89
 63.31410   88.31070   124.38176   26.04527   0.7   0.3    31    9   161
 63.67461   87.88533   124.75210   25.78046   0.9   0.3     6    8   136
 64.03868   87.34998   125.21823   25.44856   1.2   0.3   -19    8   110
 65.10495   87.35396   125.24939   25.48920   0.9   0.2    -5    6   123
 65.34983   89.21569   123.62802   26.64898   0.5   0.2   -28   10    99
 65.52662   88.77784   124.01666   26.38292   0.9   0.3   -39    7    87
 65.85067   87.86307   124.82766   25.82927   0.8   0.3    35    8   163
 65.94108   87.72489   124.95123   25.74726   1.2   0.3    -1    6   126
 66.70140   88.02690   124.70360   25.95301   1.0   0.3   -14    8   112
 66.96311   88.62233   124.17695   26.31502   1.1   0.3    48    9   175
 67.19322   88.01725   124.72349   25.96085   1.3   0.3     4    5   130
 67.42559   88.23095   124.53686   26.09352   0.8   0.3    36    8   162
 67.58115   87.34608   125.33365   25.57514   0.7   0.2     7   10   133
 68.28821   87.65678   125.07459   25.78244   0.7   0.3    32    9   157
 68.90849   86.72438   125.93630   25.26707   1.4   0.2    66    4    12
 69.27048   87.84752   124.92554   25.92340   1.2   0.4    56   11     0
 69.39855   86.84541   125.84409   25.35902   1.0   0.3    49    7   174
 70.22118   87.88847   124.90978   25.97562   0.7   0.3    15   10   138
 70.29522   87.29399   125.46169   25.64918   1.7   0.7   -58    8    65
 70.43594   87.00437   125.73318   25.49441   2.3   0.8    48   12   172
 70.91298   86.78647   125.95024   25.39577   1.0   0.2    56    5   179
 71.20851   87.29975   125.48254   25.68836   0.7   0.3    47   10   170
 71.38848   87.82530   124.99515   25.97788   1.5   0.6    22   10   145
 71.79288   88.90588   123.97968   26.55977   0.8   0.3   -13    9   108
 72.14155   89.01675   123.87746   26.62283   2.8   0.9    -9    9   111
 72.18444   86.98279   125.80834   25.55979   1.0   0.4    42   13   164
 72.37530   86.95905   125.83659   25.55582   1.8   0.8    65   11     7
 72.37777   87.55464   125.27394   25.86845   1.4   0.3    43    8   164
 72.39289   87.29708   125.51806   25.73418   0.8   0.4    61   11     3
 72.40628   87.44083   125.38244   25.80998   2.7   0.4    39    4   161
 72.41015   87.44114   125.38224   25.81029   3.2   1.0    31    5   152
 72.41664   87.55590   125.27370   25.87052   1.2   0.5    32    7   154
 72.88094   86.90312   125.90512   25.54964   1.1   0.4    69    9    11
 72.98133   87.45855   125.38036   25.84105   2.3   0.7    42   17   163
 73.26140   87.07641   125.75198   25.65620   1.6   0.3    41    4   162
 73.27110   87.31016   125.52939   25.77629   1.1   0.3    44    8   165
 73.27751   87.63436   125.21969   25.94193   0.9   0.3    47    9   167
 73.60730   87.24378   125.60186   25.75626   0.7   0.2    54    8   175
 73.74381   87.00640   125.83288   25.64196   1.2   0.3    40    6   160
 73.75585   87.43220   125.42508   25.85736   2.4   0.8    36    8   156
 73.75917   88.81009   124.09414   26.54477   1.7   0.7   -48    6    71
 73.85590   86.96778   125.87314   25.62752   2.4   0.9    62   10     3
 73.90423   87.54747   125.31788   25.92082   1.9   0.5    56    7   176
 73.96382   89.23524   123.68176   26.75672   0.9   0.2    32    6   151
 74.06540   87.01280   125.83612   25.65967   1.7   0.2    53    3   173
 74.31619   87.33525   125.53261   25.83110   1.2   0.3    48    5   168
 74.42682   87.19199   125.67375   25.76476   1.2   0.4    67    9     7
 74.61650   87.81583   125.07414   26.07847   0.8   0.3    46    9   165
 74.75690   86.95935   125.90762   25.66471   0.8   0.2    57    8   176
 74.89272   88.28963   124.61721   26.31612   0.9   0.4    18   10   137
 74.92782   88.86924   124.04916   26.59417   1.3   0.4     2    6   121
 75.09411   87.86304   125.03785   26.11708   1.0   0.2    38    6   157
 75.26493   88.39611   124.51854   26.37641   2.3   0.6    65    7     3
 75.33044   88.31766   124.59663   26.34088   0.8   0.2    35    9   154
 75.43352   87.61508   125.28735   26.01016   1.6   0.6    41    8   159
 75.67803   88.61679   124.30671   26.48971   1.0   0.3    68    7     6
 75.71731   87.70933   125.20112   26.06506   4.1   1.4    44    6   162
 75.72331   88.32354   124.59689   26.35381   0.7   0.2    11    7   129
 75.77615   87.50761   125.40028   25.97199   1.4   0.3    47    6   165
 75.78788   87.07076   125.82815   25.76554   1.6   0.3    62    6     1
 75.79621   87.53951   125.36946   25.98781   1.3   0.5    24    8   142
 75.93822   87.45581   125.45483   25.95386   1.0   0.4    41    9   159
 76.05390   87.99097   124.93053   26.20814   1.6   0.7    21   11   138
 76.07066   87.44179   125.47168   25.95248   0.7   0.3    39   13   157
 76.19193   87.40879   125.50695   25.94187   1.0   0.3    41    7   159
 76.34389   88.51841   124.41279   26.45906   1.5   0.6    19   10   137
 76.42405   87.15601   125.76129   25.83388   2.4   0.9    72   11     9
 76.46965   86.95294   125.96215   25.74151   2.1   0.6    64    8     2
 76.60276   88.85971   124.07581   26.61917   0.9   0.3    26    9   143
 76.66256   87.64065   125.28865   26.06708   1.0   0.3    39    6   156
 77.23582   87.20793   125.73034   25.89315   2.1   0.2    54    3   171
 77.40542   87.70936   125.23557   26.12502   0.7   0.3    42   13   158
 77.61460   87.80500   125.14415   26.17482   0.9   0.3    34   10   150
 77.66204   87.39239   125.55697   25.99376   1.4   0.3    57    5   173
 77.66751   87.32156   125.62767   25.96251   1.3   0.5    40    9   156
 77.76955   87.72209   125.23002   26.14367   1.5   0.2    45    4   161
 77.79427   87.69784   125.25476   26.13388   2.5   0.7    51   10   167
 77.82480   87.45384   125.49926   26.02753   2.1   0.7     6    9   122
 78.01684   88.68111   124.27008   26.56782   1.0   0.2    47    7   162
 78.10006   87.13316   125.82588   25.89803   2.0   0.5    56    7   172
 78.13676   87.25630   125.70370   25.95364   1.5   0.3    63    5   179
 78.14365   87.25698   125.70318   25.95423   2.0   0.2    60    3   176
 78.16950   87.15371   125.80704   25.91015   1.9   0.6    60    9   176
 78.17214   87.15395   125.80686   25.91037   3.1   0.9    51    6   167
 78.25428   88.08764   124.87173   26.31872   1.1   0.3    33    9   148
 78.25633   87.68967   125.27199   26.14705   2.1   0.2    48    3   163
 78.26189   87.68905   125.27272   26.14698   1.9   0.2    44    4   160
 78.44860   87.23636   125.73092   25.95844   1.5   0.6    66   10     2
 78.54010   87.12354   125.84619   25.91368   2.3   0.4    54    4   169
 78.54402   87.12389   125.84593   25.91401   1.8   0.3    58    4   173
 78.57207   87.20417   125.76608   25.94993   2.2   0.2    56    3   171
 78.93140   88.27541   124.69212   26.41782   1.8   0.7    31    8   146
 79.03771   87.08013   125.90178   25.91780   2.6   1.1    37    5   152
 79.14515   88.40083   124.56762   26.47564   0.7   0.2    50    7   164
 79.30137   88.71530   124.24906   26.60865   0.8   0.3    18    8   133
 79.35209   87.57387   125.41019   26.13885   2.0   0.2    37    3   151
 79.37644   87.49413   125.49141   26.10658   1.2   0.2    52    7   166
 79.75625   88.07383   124.90921   26.35863   1.3   0.4    64    8   178
 79.85129   88.35093   124.62763   26.47353   0.6   0.2   -41    9    72
 79.88331   89.03222   123.92969   26.74696   0.7   0.3   -14   12    99
 80.10721   87.67766   125.31902   26.20996   2.5   0.3    41    3   155
 80.11284   87.65012   125.34721   26.19904   1.2   0.3    83    8    16
 80.21750   87.50888   125.49318   26.14607   0.9   0.3    43   11   156
 80.23061   88.03397   124.95716   26.35730   1.8   0.4    46    8   159
 80.29344   88.96956   123.99732   26.72881   0.7   0.3    13   12   126
 80.37769   87.95425   125.04104   26.33026   0.9   0.2    37    9   151
 80.38571   87.71575   125.28515   26.23551   1.9   0.2    39    3   153
 80.41364   87.77749   125.22251   26.26114   2.3   0.3    43    2   157
 80.52166   87.23442   125.77926   26.04851   0.9   0.4    44    8   158
 80.53162   87.95387   125.04386   26.33515   1.2   0.2    41    7   154
 80.54710   88.07926   124.91551   26.38512   1.3   0.4    75    7     8
 80.65054   88.03098   124.96660   26.36936   1.6   0.5    46   13   159
 80.68222   87.66776   125.33954   26.22741   4.5   1.9    48    7   162
 80.90338   88.03094   124.97043   26.37734   2.0   0.2    43    3   156
 80.94797   87.76288   125.24662   26.27448   2.9   0.3    43    2   156
 80.95450   87.13025   125.89505   26.02663   1.5   0.6    43    6   156
 81.02499   87.68349   125.32948   26.24637   1.1   0.4    56    7   169
 81.14966   87.16356   125.86521   26.04865   1.9   0.3    62    4   175
 81.16936   88.32822   124.66772   26.49973   2.0   0.7    38    5   150
 81.23518   87.82249   125.19011   26.30778   2.5   1.0    42    5   154
 81.27694   88.30891   124.68901   26.49528   1.1   0.3    19    8   132
 81.36193   87.28412   125.74601   26.10501   1.5   0.5    56   11   169
 81.38697   87.53955   125.48395   26.20458   1.3   0.5    39    7   151
 81.50566   87.92427   125.08946   26.35597   1.9   0.8    15   10   128
 81.61077   88.10077   124.90861   26.42613   1.4   0.3    35    6   147
 81.69411   88.67628   124.31301   26.64356   1.1   0.4    39   10   150
 81.70625   88.09052   124.92055   26.42521   1.4   0.5    49   12   161
 81.91027   88.05914   124.95591   26.41983   1.4   0.5    32   10   144
 81.92641   87.31454   125.72602   26.14122   1.2   0.2    55    5   167
 82.01781   88.51095   124.48815   26.58990   0.9   0.3    44   13   156
 82.15452   87.51050   125.52790   26.22426   1.6   0.4    30    7   142
 82.40518   87.31012   125.73994   26.16039   1.5   0.3    52    5   164
 82.44468   87.74899   125.28568   26.32349   1.6   0.7    60   12   172
 82.48633   88.15366   124.86554   26.47226   1.3   0.5    31    9   142
 82.55362   88.14173   124.87884   26.46997   1.8   0.8    45    9   156
 82.71611   88.36676   124.64613   26.55542   1.1   0.3    23    8   134
 83.05870   87.85390   125.18597   26.38330   2.4   0.3    38    3   148
 83.21330   87.67600   125.37397   26.32582   1.5   0.2    49    4   160
 83.30506   88.08340   124.94957   26.47237   1.9   0.4    39    4   150
 83.44495   87.54350   125.51608   26.28811   1.2   0.5    43    8   153
 83.47384   87.35158   125.71689   26.22177   1.6   0.3    37    4   148
 83.50640   88.11197   124.92224   26.48857   1.5   0.3    37    4   147
 83.57666   88.48204   124.53461   26.61789   1.0   0.2    48    5   158
 83.67955   87.22497   125.85282   26.18641   2.8   0.9    50    7   160
 83.75628   88.41471   124.60726   26.59951   1.0   0.2    52    6   162
 83.90957   88.98639   124.00593   26.79501   0.6   0.2     9   10   118
 83.95804   87.64049   125.42294   26.34198   0.9   0.3    46    8   156
 84.00370   88.15854   124.87952   26.51970   2.3   0.6    40    4   149
 84.00742   87.17491   125.91133   26.18403   1.1   0.3    58    6   168
 84.05423   87.91476   125.13648   26.43889   1.9   0.2    57    3   166
 84.06123   87.91585   125.13543   26.43950   2.4   0.3    55    2   165
 84.20864   87.54222   125.53003   26.31840   0.9   0.3    57    8   167
 84.22259   87.91638   125.13708   26.44520   2.3   0.4    53    4   163
 84.27990   88.18106   124.85912   26.53556   1.1   0.5    37   19   147
 84.76171   87.21953   125.87847   26.23385   2.1   0.9    75   15     5
 84.81218   88.10992   124.94054   26.52843   1.2   0.2    56    4   165
 84.83392   87.34511   125.74762   26.27870   2.0   0.4    38    4   147
 84.96572   87.19431   125.90867   26.23488   1.4   0.6    45    7   154
 85.03535   88.08332   124.97135   26.52686   1.5   0.3    55    4   164
 85.09725   87.20320   125.90166   26.24387   1.5   0.4    40    4   149
 85.25616   87.95660   125.10824   26.49353   1.3   0.4    77   10     6
 85.31434   87.32924   125.77248   26.29462   2.1   0.4    47    3   155
 85.43376   87.58643   125.50255   26.38210   2.0   0.9    63   11   171
 85.65067   87.29995   125.80906   26.30017   1.3   0.3    50    8   159
 85.65846   88.35891   124.68572   26.63206   0.9   0.2    32    6   140
 85.68092   87.91685   125.15578   26.49551   1.6   0.3    50    5   158
 85.74671   87.57715   125.51704   26.39170   1.6   0.4    61    7   169
 85.83103   87.23511   125.88070   26.28783   1.4   0.3    40    6   148
 85.84115   87.93883   125.13444   26.50784   2.3   0.3    52    2   160
 86.08437   87.61303   125.48387   26.41631   1.6   0.2    54    3   162
 86.23544   87.37010   125.74418   26.34791   3.1   0.7    64    6   172
 86.47472   87.27570   125.84829   26.32970   1.8   0.4    51    8   159
 86.61989   87.95859   125.12283   26.54039   2.3   0.4    51    6   158
 86.77285   87.88916   125.19880   26.52519   2.1   0.3    47    3   154
 86.78581   87.26382   125.86591   26.34025   2.0   0.3    51    5   159
 86.94070   87.76643   125.33200   26.49527   1.9   0.5    44    4   151
 86.95626   87.76660   125.33202   26.49590   1.9   0.5    60    5   167
 87.28025   88.50329   124.54599   26.71706   1.6   0.4    48    6   154
 87.39604   88.14742   124.92921   26.62020   1.8   0.6    53   10   159
 87.79606   88.12730   124.95488   26.62708   3.1   0.9    37   10   143
 88.05876   87.65799   125.46234   26.50733   1.8   0.3    50    6   156
 88.16904   88.03810   125.05468   26.61478   2.6   1.1    59   11   164
 88.17011   87.36664   125.77675   26.43188   2.0   0.3    54    4   160
 88.24534   88.31477   124.75717   26.69127   1.4   0.6    38    9   143
 88.29808   88.11797   124.96991   26.64039   2.9   0.8    39    9   145
 88.31170   88.78932   124.24504   26.81804   2.1   0.8    -4    7   100
 88.31337   87.30487   125.84512   26.42134   1.9   0.6    53    8   159
 88.38333   88.74727   124.29097   26.80856   0.8   0.4    27   12   132
 88.39630   89.58345   123.38471   27.02349   0.8   0.2    39    8   144
 88.52846   87.23822   125.91985   26.41308   1.1   0.3    63    6   169
 88.58184   87.81273   125.30201   26.56896   2.5   0.8    65    9   170
 88.67984   87.96539   125.13838   26.61263   1.6   0.4    57    6   163
 88.75747   88.33071   124.74435   26.70991   1.5   0.4    44    5   149
 88.83767   87.44218   125.70458   26.48133   1.2   0.5    50    9   156
 89.29602   88.98670   124.03636   26.88629   0.9   0.3    16    8   120
 89.31714   87.64473   125.49186   26.55356   1.9   0.7    39   15   144
 89.48918   88.17831   124.91572   26.69308   2.4   1.0    49    8   153
 89.55603   87.95851   125.15469   26.64101   1.5   0.2    46    4   150
 89.56778   88.29173   124.79330   26.72325   1.0   0.4    42    7   146
 90.04222   87.63921   125.50610   26.58109   1.8   0.4    58    7   162
 90.04262   87.51657   125.63914   26.55142   2.7   0.7    50   10   154
 90.33601   88.17315   124.92855   26.71801   2.8   1.1    40    8   143
 90.34474   88.44208   124.63560   26.78039   1.4   0.2    51    5   155
 90.52652   87.44136   125.72647   26.55413   2.1   0.4    58    5   162
 90.53480   87.54884   125.60975   26.57969   1.9   0.2    56    3   159
 90.53760   87.35259   125.82304   26.53373   1.3   0.6    60   13   163
 90.84857   87.87977   125.25271   26.66798   1.7   0.4    52    5   155
 90.88031   87.68788   125.46214   26.62571   1.2   0.3    58    7   161
 90.90378   88.17194   124.93448   26.73537   1.6   0.2    53    4   156
 90.99109   87.83127   125.30694   26.66227   1.5   0.5    54    9   157
 91.03237   87.80802   125.33269   26.65860   1.5   0.4    62    7   164
 91.14786   88.65913   124.40354   26.84841   1.4   0.2    37    4   139
 91.19002   88.42550   124.65947   26.79922   1.7   0.7    61   11   163
 91.23288   87.31033   125.87734   26.55551   1.3   0.3    63    7   166
 91.31356   87.32496   125.86234   26.56246   1.3   0.3    57    7   160
 91.32307   87.36276   125.82124   26.57130   0.9   0.4    71   10   174
 91.38665   88.39239   124.69702   26.79747   1.9   0.3    52    4   154
 91.39124   87.34134   125.84538   26.56962   0.7   0.3    52   10   155
 91.39827   88.39330   124.69610   26.79798   1.3   0.2    55    4   157
 91.39908   88.21605   124.89009   26.76023   1.7   0.5    55   10   158
 91.41407   87.94734   125.18405   26.70299   2.4   0.8    53    8   155
 91.54463   87.86508   125.27512   26.68996   1.1   0.2    54    5   156
 91.59928   87.67854   125.47951   26.65199   1.0   0.4    54    9   156
 91.77191   87.81829   125.32833   26.68837   2.5   0.9    50    7   152
 91.77625   87.31444   125.87911   26.58127   1.8   0.4    65    6   168
 91.86188   87.81713   125.33040   26.69148   2.5   1.0    40    8   143
 92.07670   88.27169   124.83396   26.79211   1.4   0.3    42    8   143
 92.22665   88.85064   124.19874   26.91050   1.2   0.3    41    5   142
 92.25050   87.68864   125.47463   26.67985   1.5   0.5    47    8   149
 92.29912   88.46612   124.62188   26.83703   1.3   0.5    46   10   147
 92.38926   87.51302   125.66836   26.64982   1.7   0.6    70   10   172
 92.43625   87.62114   125.55033   26.67362   1.8   0.3    66    5   168
 92.62800   87.94413   125.19758   26.74491   0.9   0.3    43    8   144
 92.74623   88.66886   124.40124   26.88687   1.0   0.3    53    7   153
 92.82095   87.48951   125.69834   26.66357   2.1   0.2    67    2   168
 92.82408   87.48930   125.69860   26.66367   2.5   0.2    65    2   166
 93.05899   87.33074   125.87494   26.64326   1.7   0.3    71    4   172
 93.13700   87.49324   125.69723   26.67787   2.0   0.7    66    9   167
 93.16447   88.06112   125.07292   26.78552   3.2   0.7    66    6   166
 93.26447   88.14632   124.97978   26.80443   1.2   0.4    45   12   145
 93.35626   87.34340   125.86398   26.65923   1.5   0.5    70    9   171
 93.42386   87.74056   125.42775   26.73580   1.7   0.6    59   11   159
 93.44300   88.60073   124.47974   26.89084   0.8   0.3    24    9   124
 93.75938   88.00156   125.14268   26.79488   1.0   0.4    49   15   149
 93.76830   87.64710   125.53348   26.73253   1.1   0.2    66    6   166
 93.85512   88.04792   125.09218   26.80622   2.8   0.7    65    7   165
 93.92882   87.82411   125.33960   26.76996   1.0   0.2    42    8   142
 94.00593   88.08327   125.05414   26.81731   2.5   0.3    55    4   154
 94.03207   87.67781   125.50175   26.74852   1.5   0.2    65    4   165
 94.07302   87.94391   125.20844   26.79584   1.9   0.3    54    6   154
 94.17505   87.72101   125.45519   26.76161   1.2   0.3    49    8   149
 94.26694   87.47932   125.72259   26.72409   2.3   0.7    62    8   162
 94.31580   87.48382   125.71803   26.72697   1.0   0.2    70    6   170
 94.35127   88.45719   124.64278   26.88963   1.9   0.4    51    5   150
 94.39437   88.00083   125.14770   26.81659   1.5   0.4    47    9   147
 94.44768   88.41593   124.68891   26.88560   1.2   0.2    50    5   149
 94.71165   88.73005   124.34213   26.94123   1.4   0.3    34    5   133
 94.76291   87.89191   125.27053   26.81199   1.3   0.3    61    6   161
 94.95245   88.01381   125.13682   26.83781   4.3   1.8    46   12   145
 95.27848   87.70721   125.47840   26.80282   1.1   0.3    72    7   171
 95.35407   87.70512   125.48123   26.80550   0.9   0.3    74    9   173
 95.42605   87.72449   125.46025   26.81124   1.0   0.2    55    6   154
 95.43146   87.72486   125.45988   26.81150   1.4   0.2    67    4   166
 95.47918   87.47233   125.73993   26.77566   1.2   0.4    73    7   172
 95.78305   87.84188   125.33236   26.84199   0.9   0.2    66    7   164
 95.96471   87.35838   125.86978   26.78059   2.5   0.3    67    3   165
 96.34435   87.38735   125.84037   26.80187   2.5   0.9    72    9   170
 96.38947   88.41584   124.69764   26.93871   1.4   0.2    58    4   156
 96.39965   88.41503   124.69858   26.93888   1.5   0.2    56    4   153
 96.49623   87.77848   125.40692   26.86036   1.0   0.2    54    6   151
 96.51359   88.27993   124.84937   26.92512   1.5   0.4    62    6   160
 96.72868   88.78764   124.28474   26.99229   0.9   0.2    45    8   142
 96.77039   88.52760   124.57461   26.96252   2.1   0.3    14    4   111
 96.77284   87.87671   125.29920   26.88328   2.2   0.4    57    5   154
 96.91632   87.74924   125.44176   26.87291   0.9   0.3    72    8   169
 97.01084   87.56444   125.64787   26.85396   2.0   0.3    81    4   178
 97.06435   87.95113   125.21782   26.90288   2.0   0.4    53    4   150
 97.10423   88.20522   124.93501   26.93407   2.6   1.0    57    9   153
 97.15923   87.94338   125.22690   26.90534   1.2   0.3    60    6   157
 97.46800   88.34749   124.77780   26.96092   1.3   0.3    59    6   155
 97.57391   87.50066   125.72208   26.87046   2.5   0.5    87    5     4
 97.62016   87.52079   125.69992   26.87474   1.2   0.3    81    6   177
 97.73986   87.66028   125.54513   26.89529   1.1   0.2    83    5   179
 98.02199   88.13525   125.01660   26.95561   1.9   0.8    54    8   150
 98.02289   88.33462   124.79403   26.97556   0.9   0.3    50    7   145
 98.10347   88.21857   124.92387   26.96650   1.1   0.3    56    6   152
 98.20070   88.21326   124.93014   26.96900   1.1   0.4    49    6   144
 98.25254   87.48403   125.74422   26.89817   1.9   0.8    64   10   160
 98.76682   88.18530   124.96322   26.98413   2.1   0.8    53   17   148
 98.89055   87.38851   125.85395   26.91727   2.3   0.8    63    8   158
 99.09071   88.28573   124.85185   27.00252   1.3   0.5    62   10   157
 99.21145   87.85535   125.33358   26.97137   1.3   0.4    55   12   150
 99.21713   88.57622   124.52709   27.02879   1.1   0.3    44    7   138
 99.52069   88.24193   124.90200   27.01212   1.5   0.2    51    5   145
 99.63032   88.02238   125.14804   26.99947   1.6   0.5    70    7   164
 99.64720   88.34484   124.78709   27.02332   1.0   0.4    53   12   147
 99.94982   88.79195   124.28676   27.06043   1.3   0.3    49    7   142
100.28991   87.59484   125.62866   26.99467   1.4   0.2    84    4   178
100.41438   88.05970   125.10826   27.02870   1.6   0.6   -57   12    36
100.42161   88.85845   124.21282   27.07389   1.3   0.4    48    8   141
100.48630   88.48360   124.63325   27.05521   1.5   0.3    61    6   154
100.84131   88.16897   124.98665   27.04882   2.4   0.5    63    5   156
100.92999   88.21059   124.94013   27.05372   1.5   0.3    51    5   144
100.96416   87.95550   125.22625   27.04199   1.8   0.3    73    4   166
101.13514   87.59244   125.63370   27.02996   1.9   0.8    89    8     2
101.16458   87.73485   125.47409   27.03837   1.0   0.4    56   11   149
101.72617   88.07872   125.08933   27.07377   1.4   0.3    67    5   159
102.59785   87.34360   125.91577   27.08459   2.4   0.3    87    3   179
102.68264   88.37205   124.76089   27.11138   1.9   0.8    49    9   140
102.79173   87.77747   125.42879   27.10355   0.9   0.2    82    8   173
102.85623   87.37301   125.88309   27.09726   2.6   0.4   -89    4     2
102.90234   88.01387   125.16336   27.11210   1.5   0.5    61    8   152
102.94110   87.75530   125.45382   27.10893   0.7   0.3    72   10   163
102.97777   87.54885   125.68574   27.10645   0.8   0.3    71   10   162
102.98071   87.54880   125.68580   27.10658   1.2   0.3    75    7   166
103.07801   88.79473   124.28617   27.12635   1.4   0.2    50    4   141
103.09329   88.61375   124.48952   27.12532   0.8   0.2    42    7   133
103.12829   87.89220   125.30017   27.11828   1.1   0.2    71    5   162
103.15617   87.89082   125.30174   27.11928   1.0   0.2    57    6   147
103.21894   87.93472   125.25246   27.12214   1.1   0.2    79    5   169
103.25643   87.54193   125.69375   27.11827   1.1   0.2    71    6   162
103.25689   87.54188   125.69380   27.11829   0.9   0.2    84    7   175
103.27477   87.36143   125.89653   27.11625   2.4   0.7    78    9   169
103.32393   88.19352   124.96173   27.12830   1.1   0.3    73    8   163
103.44432   87.58064   125.65038   27.12677   1.0   0.4   -81   11     9
103.52277   87.48218   125.76104   27.12905   1.9   0.4    73    6   164
103.61685   88.27983   124.86480   27.13776   1.0   0.2    57    6   147
103.66831   88.11764   125.04706   27.13898   1.0   0.4   -86   13     4
104.02365   87.35713   125.90174   27.15071   1.8   0.7    82   16   172
104.18195   87.51727   125.72178   27.15798   1.7   0.4    82    8   172
104.27733   88.39727   124.73273   27.15642   1.3   0.3   -85    5     3
104.29603   88.39735   124.73264   27.15695   1.0   0.2    65    5   155
104.41830   88.19521   124.95977   27.16278   0.8   0.2    75    8   164
104.54313   88.16549   124.99312   27.16710   1.0   0.3    74    8   164
104.83710   88.80789   124.27104   27.16304   1.5   0.2    45    4   134
106.67254   88.05180   125.11841   27.24087   0.8   0.3   -26    9    60
107.40318   88.77629   124.30371   27.21853   0.9   0.3    54    8   140
107.70621   88.14587   125.01052   27.26960   1.6   0.4    77    6   163
107.77605   88.20900   124.93950   27.26747   1.0   0.4    68    9   154
108.65447   88.45368   124.66282   27.27377   1.2   0.4    38    9   123
108.79519   88.38566   124.73867   27.28363   1.0   0.4    69   11   154
109.28299   88.48382   124.62730   27.28769   0.9   0.3    57    8   142
109.28939   88.17578   124.97230   27.31779   1.1   0.3    69    6   154
109.57576   88.48202   124.62843   27.29559   2.2   0.6    63    8   147
110.09803   88.24850   124.88796   27.33539   1.1   0.3    66    8   149
110.24338   88.82923   124.23822   27.27267   2.3   0.6    31   10   114
110.47297   88.18124   124.96170   27.35462   0.8   0.3    71   11   154
111.04988   88.56750   124.52791   27.32331   1.4   0.2    63    4   146
114.03254   88.74033   124.32347   27.36548   1.1   0.4    17    8    96
114.03387   88.73973   124.32412   27.36562   1.1   0.4    26    8   105
118.82371   89.16729   123.83332   27.35440   0.9   0.4    55   12   130
119.82753   88.63213   124.40719   27.51973   1.4   0.6    72   11   146
121.31179   88.63793   124.38926   27.55184   1.5   0.3    54    5   126
122.36851   88.63832   124.37994   27.57556   1.3   0.5    54    8   126
122.45622   88.64395   124.37317   27.57570   1.6   0.6    58    7   129
122.57978   88.64060   124.37567   27.57956   1.3   0.4    53    6   124
124.34992   88.94379   124.04001   27.51084   1.6   0.5    44    6   114
125.68999   88.53536   124.45640   27.68830   0.9   0.3    87    8   155
125.81302   88.54603   124.44391   27.68717   2.2   0.6    54    8   122
125.95256   88.73607   124.24409   27.61789   1.7   0.4    69    5   136
126.13823   89.53830   123.40924   27.30991   0.9   0.2    85    7   152
128.32704   88.55705   124.40385   27.74104   1.2   0.5    54   10   119
129.22517   88.58706   124.36240   27.74848   1.2   0.3    71    7   135
129.41640   88.67722   124.26846   27.71331   1.5   0.3    73    5   137
129.42842   88.70862   124.23644   27.69982   0.9   0.2    70    6   134
129.47916   88.57464   124.37193   27.75955   1.2   0.2    68    5   132
130.20689   89.18913   123.74390   27.49842   0.7   0.3    67    9   130
130.66976   89.51762   123.41230   27.35249   0.7   0.3   -39   10    22
132.53331   88.60934   124.29799   27.81010   2.1   0.5    71    6   132
133.19178   88.58283   124.31517   27.83716   1.5   0.4    71    7   131
133.29455   89.34421   123.56914   27.45901   1.0   0.3    74    7   134
133.40701   89.30575   123.60585   27.47950   1.0   0.4    86   12   146
133.61627   89.23139   123.67669   27.51935   1.2   0.4    83    8   143
133.63955   88.60611   124.28615   27.83506   1.5   0.2    72    4   131
133.82344   88.60533   124.28437   27.83932   1.1   0.3    71    7   131
134.61949   89.33607   123.56821   27.47629   1.3   0.3   -74    6   163
134.62917   89.33616   123.56806   27.47633   0.7   0.3   -82   12   155
135.05594   89.20718   123.68862   27.54866   1.7   0.4    81    7   140
135.39324   88.92246   123.95799   27.70402   0.9   0.4    58   11   116
135.86468   88.64847   124.21391   27.85862   0.6   0.2    75   10   133
136.33114   88.60522   124.24830   27.89136   1.1   0.4    68   10   125
137.30334   88.72526   124.12082   27.84423   0.7   0.3    65   10   121
137.40442   89.29529   123.58648   27.52634   0.9   0.3    75   10   130
142.14894   88.67321   124.09452   27.96363   2.1   0.6   -87    9   144
143.36523   88.87570   123.89879   27.85520   0.8   0.2   -19    6    30
143.56214   88.91957   123.85812   27.82979   0.6   0.3   -77   10   152
143.74007   88.62069   124.11329   28.02604   0.9   0.3   -81   13   148
144.85920   89.18970   123.61184   27.66881   1.1   0.3    65    7   114
145.95941   89.10843   123.66741   27.73552   1.0   0.2    77    5   124
146.10085   89.34750   123.46816   27.57424   1.0   0.4    48    8    95
146.37885   88.80397   123.91370   27.94842   0.7   0.2   -72    7   154
147.37987   88.87884   123.83653   27.91147   1.5   0.2    82    3   128
147.43947   88.93439   123.79053   27.87359   1.0   0.2    68    5   113
147.88308   89.59919   123.25105   27.41142   0.6   0.3    64   10   109
148.26798   89.00435   123.72236   27.83507   0.8   0.3   -86    8   138
148.33201   89.10167   123.64385   27.76689   1.6   0.3    80    6   125
148.39505   88.95140   123.76282   27.87417   0.8   0.3    77   12   122
148.73556   88.96291   123.74868   27.87035   0.5   0.2    71    8   115
154.55134   88.89418   123.70822   27.99384   2.0   0.4    81    5   119
155.53406   89.11698   123.53735   27.82913   0.8   0.3    70    8   108
156.70098   89.68385   123.14200   27.38335   0.9   0.3   -48   10   167
157.99234   89.46710   123.27558   27.56507   0.7   0.3   -67   10   147
158.32368   89.01310   123.56522   27.93981   0.9   0.4    81   17   116
158.65280   89.32847   123.35824   27.68297   1.9   0.7   -40    7   173
160.06404   89.15665   123.44848   27.83623   1.0   0.3    62    7    95
162.82316   89.41569   123.26206   27.63371   0.8   0.3   -77    8   132
167.38593   89.61665   123.11776   27.47421   1.7   0.5   -65    7   140
172.21256   89.32784   123.19975   27.75699   1.5   0.3    78    6    99
172.33828   89.23335   123.23586   27.84593   0.8   0.3   -81    9   118
172.57701   89.32559   123.19611   27.76060   1.6   0.3   -88    6   111
178.23273   89.29250   123.13391   27.81268   0.8   0.3    79   11    93
184.43248   89.26056   123.05449   27.85966   1.8   0.6    80    7    88
185.38736   89.27916   123.03794   27.84293   0.7   0.3   -86   10   101
190.47250   89.16710   122.97120   27.96042   1.5   0.3    87    6    90
330.68132   89.03703   122.21000   26.41279   0.7   0.3    -7   13    34
331.22620   88.90534   122.12067   26.30776   1.0   0.3   -12   10    28
332.63192   89.58395   122.63087   26.81028   1.0   0.2    78    7   119
332.75794   89.51907   122.58498   26.75996   0.9   0.2    75    8   115
334.87591   89.02456   122.26197   26.35784   2.0   0.7    19    9    57
334.93708   89.50306   122.58995   26.73583   1.5   0.5   -77    8   140
336.22501   88.66744   122.04686   26.05616   1.7   0.6   -44   15   171
338.50156   88.90258   122.24157   26.22062   1.1   0.2   -28    5     5
342.09589   88.35591   121.99865   25.71244   1.2   0.3   -16    6    13
343.62700   88.50422   122.12050   25.82064   0.8   0.3    32    8    61
344.60051   88.19334   121.98408   25.53375   1.0   0.4   -10    7    17
344.69694   88.99562   122.40343   26.24179   1.1   0.4    25    9    53
346.57853   88.52262   122.20541   25.80172   1.2   0.3   -12    8    12
346.86033   88.14017   122.02913   25.45376   0.9   0.3    -3    7    22
347.09057   88.32835   122.12603   25.62055   0.9   0.3    24   10    49
347.18437   88.26790   122.10011   25.56473   1.4   0.4    32    7    58
348.57855   88.10177   122.06798   25.39531   1.1   0.3    -4    6    19
348.76064   88.26464   122.14670   25.54197   1.2   0.4    27    9    50
349.34731   88.19001   122.13224   25.46628   0.8   0.3     3   10    26
350.27802   87.79385   121.99671   25.08816   0.9   0.4    61   11    83
350.32218   88.17816   122.15875   25.44344   0.8   0.3   -18   10     4
350.32768   88.31810   122.21752   25.57294   1.0   0.2    16    7    38
350.62673   87.78605   122.00725   25.07589   1.0   0.3    19    7    40
351.80497   89.56121   122.75544   26.71865   0.9   0.3   -53   11   147
351.88766   87.63592   121.99918   24.91772   1.1   0.2    13    5    34
352.60149   87.97005   122.15513   25.22174   1.9   0.5    46    5    66
352.75543   88.25302   122.26680   25.48616   0.7   0.3     6    9    26
352.81811   87.77824   122.09174   25.03854   1.0   0.4   -79    9   120
353.48238   87.39445   121.98092   24.66711   1.0   0.3    45   11    64
353.56392   89.14066   122.61514   26.31683   0.8   0.2    -4    6    14
354.41152   87.95653   122.21747   25.18800   1.4   0.3    26    4    44
356.26332   87.40153   122.11567   24.63569   1.1   0.5    48   10    65
356.40933   87.90251   122.27607   25.11511   0.6   0.2    68   10    84
356.78370   87.39581   122.13892   24.62369   1.0   0.4    64   10    80
357.20937   88.26298   122.41304   25.45468   1.0   0.4   -38    7   157
358.16506   87.84286   122.32810   25.04038   0.7   0.3   -76   10   118
358.36883   87.75705   122.31304   24.95531   1.0   0.4    36   11    50
358.50622   88.04277   122.39565   25.23110   1.2   0.2    -9    5     4
358.68605   87.97941   122.38538   25.16812   1.3   0.3    41    6    55
