#  Ignore the first 4 columns because those are p and m from data directly and from an optimizer without an error. The relevant columns are 
#  p_o,sigma_p_low,sigma_p_high,plimit,m,sigma_m_low,sigma_m_high,mlimit
#sourcename data_p data_m opt_p opt_m p_o sigma_p_low sigma_p_high plimit m sigma_m_low sigma_m_high mlimit Nobs
RBPLJ0006-0623 0.2252 0.4187289 0.2227144 0.4489742 0.223 0.032 0.035 NA 0.449 0.091 0.127 NA 11 
RBPLJ0017+8135 0.008281818 0.5877715 NA NA NA NA NA NA NA NA NA NA 11 
RBPLJ0035+5950 0.03354 0.3002061 0.03059744 0.00214825 0.031 0.005 0.004 NA 0.003 NA NA 0.642 5 
RBPLJ0045+2127 0.07379565 0.304935 0.07412593 0.287594 0.074 0.004 0.004 NA 0.288 0.048 0.059 NA 23 
RBPLJ0102+5824 0.1758687 0.842268 0.1588238 0.5199534 0.159 0.022 0.028 NA 0.52 0.11 0.133 NA 16 
RBPLJ0114+1325 0.070045 0.4940089 0.06945475 0.4521615 0.069 0.006 0.008 NA 0.453 0.068 0.084 NA 20 
RBPLJ0136+3905 0.02715 0.4717378 0.02567715 0.3769877 0.026 0.008 0.01 NA 0.376 NA NA 1.363 4 
RBPLJ0136+4751 0.1144708 0.4855574 0.1146454 0.5011073 0.115 0.012 0.012 NA 0.501 0.074 0.093 NA 24 
RBPLJ0152+0146 0.06428 1.105168 0.06182201 1.046596 0.062 0.03 0.068 NA 1.046 0.293 0.469 NA 5 
RBPLJ0211+1051 0.231832 0.2863427 0.2312845 0.300053 0.231 0.013 0.014 NA 0.3 0.038 0.048 NA 25 
RBPLJ0217+0837 0.05952917 0.6246366 0.05796753 0.5332041 0.058 0.006 0.007 NA 0.533 0.075 0.095 NA 24 
RBPLJ0221+3556 0.0952 NA NA NA NA NA NA NA NA NA NA NA 1 
RBPLJ0222+4302 0.0786 0.3625449 0.07844119 0.3770051 0.078 0.005 0.006 NA 0.377 0.051 0.064 NA 24 
RBPLJ0232+2017 0.0342 0.2612177 0.03265591 0.004358457 0.033 0.004 0.003 NA 0.006 NA NA 0.581 5 
RBPLJ0238+1636 0.1172105 0.5344998 0.1151349 0.4959999 0.115 0.014 0.016 NA 0.496 0.085 0.111 NA 19 
RBPLJ0259+0747 0.15162 0.5264925 0.1478338 0.5402133 0.148 0.021 0.024 NA 0.54 0.089 0.116 NA 15 
RBPLJ0303+4716 0.06633846 0.5831524 0.06525736 0.5542502 0.065 0.01 0.013 NA 0.555 0.106 0.142 NA 13 
RBPLJ0303-2407 0.07363333 0.1451347 0.07305082 0.1097488 0.073 0.005 0.005 NA 0.11 NA NA 0.292 6 
RBPLJ0316+4119 0.0276 0.4055625 NA NA NA NA NA NA NA NA NA NA 5 
RBPLJ0319+1845 0.039875 0.2273192 0.03743738 0.002495074 0.037 0.006 0.007 NA 0.004 NA NA 0.732 4 
RBPLJ0319+4130 NaN NA NA NA NA NA NA NA NA NA NA NA 0 
RBPLJ0324+3410 0.01166522 0.5132288 0.00957791 0.540941 0.01 0.002 0.001 NA 0.52 NA NA 1.256 23 
RBPLJ0336+3118 0.0371 NA NA NA NA NA NA NA NA NA NA NA 1 
RBPLJ0336+3218 0.01155 0.2885469 NA NA NA NA NA NA NA NA NA NA 6 
RBPLJ0339-0146 0.085575 0.7820945 0.07974965 0.7679515 0.08 0.043 0.077 NA 0.767 0.347 0.776 NA 4 
RBPLJ0340-2119 0.0478 NA NA NA NA NA NA NA NA NA NA NA 1 
RBPLJ0405-1308 0.01472 0.2193673 NA NA NA NA NA NA NA NA NA NA 5 
RBPLJ0407+0742 0.0743 NA NA NA NA NA NA NA NA NA NA NA 1 
RBPLJ0416+0105 0.0589 NA NA NA NA NA NA NA NA NA NA NA 1 
RBPLJ0423-0120 0.10315 0.5597673 0.08814573 0.6841168 0.088 0.034 0.046 NA 0.685 0.26 0.513 NA 6 
RBPLJ0442-0017 0.06003846 0.7646703 0.03211136 1.248853 0.032 NA NA 0.124 1.251 0.515 1.037 NA 13 
RBPLJ0507+6737 0.04398462 0.3036165 0.04432922 0.2373675 0.044 0.003 0.004 NA 0.239 0.072 0.091 NA 13 
RBPLJ0510+1800 0.10805 0.2467184 NA NA NA NA NA NA NA NA NA NA 2 
RBPLJ0521+2112 0.07147391 0.2470576 0.07048141 0.2039381 0.07 0.002 0.003 NA 0.204 0.034 0.043 NA 23 
RBPLJ0642+6758 0.009236364 0.292414 NA NA NA NA NA NA NA NA NA NA 11 
RBPLJ0648+1516 0.054 NA NA NA NA NA NA NA NA NA NA NA 1 
RBPLJ0650+2502 0.0883 NA NA NA NA NA NA NA NA NA NA NA 1 
RBPLJ0702+8549 0.0115 NA NA NA NA NA NA NA NA NA NA NA 1 
RBPLJ0710+5908 0.03844167 0.3342913 0.03871149 0.247038 0.039 0.004 0.004 NA 0.246 0.079 0.11 NA 12 
RBPLJ0721+7120 0.109798 0.4016581 0.1091788 0.4493193 0.109 0.006 0.007 NA 0.449 0.041 0.048 NA 51 
RBPLJ0728+5701 0.01775 0.2748753 NA NA NA NA NA NA NA NA NA NA 2 
RBPLJ0738+1742 0.08252727 0.3976413 0.08236023 0.4724682 0.082 0.012 0.015 NA 0.473 0.107 0.151 NA 11 
RBPLJ0750+1231 0.04267273 0.664695 0.03433036 0.7028387 0.034 0.011 0.013 NA 0.707 0.305 0.549 NA 11 
RBPLJ0809+5218 0.037925 0.4464003 0.03683008 0.430078 0.037 0.011 0.016 NA 0.43 0.164 0.302 NA 4 
RBPLJ0814+6431 NaN NA NA NA NA NA NA NA NA NA NA NA 0 
RBPLJ0818+4222 0.09455 0.6397767 0.08298874 0.747972 0.083 0.03 0.031 NA 0.748 0.309 0.627 NA 10 
RBPLJ0825+6157 0.0299875 0.4702464 0.02459753 0.01431329 0.025 0.004 0.003 NA 0.013 NA NA 0.589 8 
RBPLJ0830+2410 0.01363333 0.7557742 NA NA NA NA NA NA NA NA NA NA 6 
RBPLJ0830+2411 0.01616 0.5093389 NA NA NA NA NA NA NA NA NA NA 5 
RBPLJ0837+5825 0.01755 0.286066 NA NA NA NA NA NA NA NA NA NA 2 
RBPLJ0841+7053 0.01878462 0.4588718 NA NA NA NA NA NA NA NA NA NA 13 
RBPLJ0848+6606 0.04367857 0.5128492 0.03874266 0.2963171 0.039 0.008 0.007 NA 0.292 NA NA 1.406 14 
RBPLJ0849+5108 0.16898 0.5864799 0.1630361 0.6582604 0.163 0.052 0.074 NA 0.658 0.199 0.334 NA 5 
RBPLJ0854+2006 0.1588885 0.4096369 0.1581446 0.3861378 0.158 0.012 0.013 NA 0.386 0.048 0.06 NA 26 
RBPLJ0854+5757 0.02061667 0.8026653 NA NA NA NA NA NA NA NA NA NA 6 
RBPLJ0948+0022 0.03795 0.7111789 NA NA NA NA NA NA NA NA NA NA 6 
RBPLJ0956+2515 0.0198 NA NA NA NA NA NA NA NA NA NA NA 1 
RBPLJ0957+5522 0.038975 0.244778 0.03978609 0.002066875 0.04 0.005 0.005 NA 0.004 NA NA 0.667 4 
RBPLJ0958+6533 0.1676333 0.2696643 0.1671018 0.2594421 0.1671 0.015 0.017 NA 0.259 0.056 0.084 NA 9 
RBPLJ1010+8250 0.0934 NA NA NA NA NA NA NA NA NA NA NA 1 
RBPLJ1012+0630 0.1276 NA NA NA NA NA NA NA NA NA NA NA 1 
RBPLJ1014+2301 0.0094 NA NA NA NA NA NA NA NA NA NA NA 1 
RBPLJ1017+6116 0.01205 0.2992734 NA NA NA NA NA NA NA NA NA NA 2 
RBPLJ1018+3542 0.018 NA NA NA NA NA NA NA NA NA NA NA 1 
RBPLJ1023+3948 0.0284 NA NA NA NA NA NA NA NA NA NA NA 1 
RBPLJ1032+3738 0.1187667 0.2308355 0.1118076 0.01124727 0.112 0.02 0.02 NA 0.012 NA NA 0.844 3 
RBPLJ1033+6051 0.1886 NA NA NA NA NA NA NA NA NA NA NA 1 
RBPLJ1037+5711 0.02963125 0.5425261 0.02721229 0.5596149 0.027 0.004 0.005 NA 0.561 0.135 0.187 NA 16 
RBPLJ1041+0610 NaN NA NA NA NA NA NA NA NA NA NA NA 0 
RBPLJ1044+8054 NaN NA NA NA NA NA NA NA NA NA NA NA 0 
RBPLJ1048+7143 0.1213143 0.7476117 0.1181855 0.8131624 0.118 0.038 0.056 NA 0.813 0.22 0.339 NA 7 
RBPLJ1054+2210 0.0668 NA NA NA NA NA NA NA NA NA NA NA 1 
RBPLJ1058+0133 0.1303 NA NA NA NA NA NA NA NA NA NA NA 1 
RBPLJ1058+5628 0.037725 0.6064461 0.03626292 0.7070275 0.036 0.007 0.01 NA 0.708 0.168 0.24 NA 12 
RBPLJ1059-1134 0.0962 NA NA NA NA NA NA NA NA NA NA NA 1 
RBPLJ1104+0730 0.1374 NA NA NA NA NA NA NA NA NA NA NA 1 
RBPLJ1104+3812 0.0538 0.5875988 0.05368489 0.533032 0.054 0.022 0.044 NA 0.533 0.182 0.377 NA 3 
RBPLJ1121-0553 0.0299 NA NA NA NA NA NA NA NA NA NA NA 1 
RBPLJ1132+0034 0.0729 0.01163962 NA NA NA NA NA NA NA NA NA NA 2 
RBPLJ1136+7009 0.0268 0.3871026 0.02613191 0.2143088 0.026 0.003 0.003 NA 0.216 NA NA 0.432 15 
RBPLJ1148+5924 0.0355 NA NA NA NA NA NA NA NA NA NA NA 1 
RBPLJ1152-0841 NaN NA NA NA NA NA NA NA NA NA NA NA 0 
RBPLJ1153+4931 NaN NA NA NA NA NA NA NA NA NA NA NA 0 
RBPLJ1154-0010 NaN NA NA NA NA NA NA NA NA NA NA NA 0 
RBPLJ1159+2914 0.0572 NA NA NA NA NA NA NA NA NA NA NA 1 
RBPLJ1203+6031 0.01502941 0.6045408 0.009127214 0.3758193 0.009 NA NA 0.015 0.383 NA NA 3.564 17 
RBPLJ1204-0710 NaN NA NA NA NA NA NA NA NA NA NA NA 0 
RBPLJ1217+3007 0.1064563 0.2769385 0.1063347 0.2495372 0.106 0.006 0.007 NA 0.25 0.042 0.055 NA 16 
RBPLJ1220+0203 0.0068 NA NA NA NA NA NA NA NA NA NA NA 1 
RBPLJ1221+2813 0.1613429 0.1448304 0.1572832 0.1247673 0.1573 0.009 0.01 NA 0.125 0.036 0.057 NA 7 
RBPLJ1221+3010 0.05405 0.006541228 NA NA NA NA NA NA NA NA NA NA 2 
RBPLJ1222+0413 0.1922 NA NA NA NA NA NA NA NA NA NA NA 1 
RBPLJ1224+2122 0.1014375 0.1961845 0.1024584 0.1638416 0.102 0.007 0.008 NA 0.164 0.048 0.073 NA 8 
RBPLJ1224+2436 0.0487 0.4805257 0.04778963 0.4297603 0.048 0.011 0.014 NA 0.429 0.135 0.231 NA 5 
RBPLJ1229+0203 0.007 NA NA NA NA NA NA NA NA NA NA NA 1 
RBPLJ1230+2518 0.0579 NA NA NA NA NA NA NA NA NA NA NA 1 
RBPLJ1231+2847 0.0695 NA NA NA NA NA NA NA NA NA NA NA 1 
RBPLJ1238-1959 0.1779 NA NA NA NA NA NA NA NA NA NA NA 1 
RBPLJ1245+5709 0.1445 NA NA NA NA NA NA NA NA NA NA NA 1 
RBPLJ1248+5820 0.05027692 0.3701365 0.05035975 0.327636 0.05 0.004 0.005 NA 0.328 0.072 0.1 NA 13 
RBPLJ1253+5301 0.1407 0.07236914 NA NA NA NA NA NA NA NA NA NA 2 
RBPLJ1256-0547 0.1909211 0.2816245 0.1905445 0.267957 0.1906 0.012 0.013 NA 0.268 0.039 0.051 NA 19 
RBPLJ1314+2348 0.0708 NA NA NA NA NA NA NA NA NA NA NA 1 
RBPLJ1327+2210 NaN NA NA NA NA NA NA NA NA NA NA NA 0 
RBPLJ1337-1257 0.2146 NA NA NA NA NA NA NA NA NA NA NA 1 
RBPLJ1353+7532 NaN NA NA NA NA NA NA NA NA NA NA NA 0 
RBPLJ1354-1041 0.0169 NA NA NA NA NA NA NA NA NA NA NA 1 
RBPLJ1357+0128 0.1157 0.235906 NA NA NA NA NA NA NA NA NA NA 2 
RBPLJ1427+2348 0.03987143 0.4653084 0.03968157 0.4925272 0.04 0.008 0.01 NA 0.492 0.129 0.204 NA 7 
RBPLJ1428+4240 0.01628889 0.4304795 NA NA NA NA NA NA NA NA NA NA 9 
RBPLJ1436+6336 0.0081 NA NA NA NA NA NA NA NA NA NA NA 1 
RBPLJ1442+1200 0.01805 0.3522982 NA NA NA NA NA NA NA NA NA NA 4 
RBPLJ1505+0326 0.0455375 0.6305815 0.027189 0.5839654 0.027 NA NA 0.052 0.59 NA NA 3.968 16 
RBPLJ1510-0543 0.0292 NA NA NA NA NA NA NA NA NA NA NA 1 
RBPLJ1512+0203 0.0684 NA NA NA NA NA NA NA NA NA NA NA 1 
RBPLJ1512-0905 0.03791667 0.6485662 0.03677882 0.632947 0.037 0.004 0.004 NA 0.632 0.092 0.117 NA 36 
RBPLJ1516+1932 0.1327 NA NA NA NA NA NA NA NA NA NA NA 1 
RBPLJ1517-2422 NaN NA NA NA NA NA NA NA NA NA NA NA 0 
RBPLJ1526+6650 0.01205 0.005868106 NA NA NA NA NA NA NA NA NA NA 2 
RBPLJ1540+1447 NaN NA NA NA NA NA NA NA NA NA NA NA 0 
RBPLJ1542+6129 0.06519032 0.4402552 0.06501668 0.4432553 0.065 0.005 0.005 NA 0.443 0.056 0.069 NA 31 
RBPLJ1548-2251 0.0143 NA NA NA NA NA NA NA NA NA NA NA 1 
RBPLJ1550+0527 0.0327 0.5622256 NA NA NA NA NA NA NA NA NA NA 2 
RBPLJ1551+5806 0.01751538 0.5663378 0.01284728 0.2372454 0.013 0.001 0.001 NA 0.231 NA NA 0.695 26 
RBPLJ1553+1256 0.01281667 1.050689 NA NA NA NA NA NA NA NA NA NA 30 
RBPLJ1555+1111 0.03422157 0.5122384 0.03358662 0.493027 0.034 0.002 0.001 NA 0.492 0.051 0.061 NA 51 
RBPLJ1558+5625 0.06477353 0.5029851 0.0635104 0.4959784 0.064 0.006 0.005 NA 0.495 0.064 0.079 NA 34 
RBPLJ1603+5730 0.01024 0.5996103 NA NA NA NA NA NA NA NA NA NA 15 
RBPLJ1604+5714 0.032336 0.7086159 0.02422413 0.8359171 0.024 0.005 0.006 NA 0.84 0.254 0.367 NA 25 
RBPLJ1607+1551 0.085564 0.4526661 0.0537764 0.006476473 0.054 0.013 0.012 NA 0.008 NA NA 3.968 25 
RBPLJ1608+1029 0.01705 0.5184067 NA NA NA NA NA NA NA NA NA NA 2 
RBPLJ1623+6624 0.0163 NA NA NA NA NA NA NA NA NA NA NA 1 
RBPLJ1623+6644 0.0307 NA NA NA NA NA NA NA NA NA NA NA 1 
RBPLJ1624+5652 0.07962222 0.4164169 0.0743599 0.3948604 0.074 0.008 0.009 NA 0.396 0.094 0.12 NA 18 
RBPLJ1635+3808 0.07687843 0.6563 0.07697391 0.679903 0.077 0.007 0.008 NA 0.68 0.072 0.084 NA 51 
RBPLJ1637+4717 0.06323333 0.5484884 0.05108451 0.2396697 0.051 0.021 0.045 NA 0.239 NA NA 2.063 3 
RBPLJ1638+5720 0.008941667 0.6308487 0.005139338 1.138713 0.005 NA NA 0.024 1.165 0.596 1.528 NA 24 
RBPLJ1640+3946 0.0393 NA NA NA NA NA NA NA NA NA NA NA 1 
RBPLJ1642+3948 0.05294348 0.3547607 0.04714309 0.1637897 0.047 0.004 0.004 NA 0.165 NA NA 0.388 23 
RBPLJ1643-0646 0.0121 NA NA NA NA NA NA NA NA NA NA NA 1 
RBPLJ1649+5235 0.05134 0.5967297 0.0507551 0.572409 0.051 0.005 0.005 NA 0.572 0.072 0.088 NA 30 
RBPLJ1653+3945 0.0368 0.3504436 0.03648952 0.3155635 0.036 0.001 0.002 NA 0.316 0.032 0.037 NA 51 
RBPLJ1722+1013 0.3331 NA NA NA NA NA NA NA NA NA NA NA 1 
RBPLJ1725+1152 0.0962975 0.3761593 0.09581129 0.4304909 0.096 0.006 0.006 NA 0.43 0.046 0.056 NA 40 
RBPLJ1727+4530 0.0925 NA NA NA NA NA NA NA NA NA NA NA 1 
RBPLJ1727+5510 0.063525 0.6048599 NA NA NA NA NA NA NA NA NA NA 4 
RBPLJ1728+0427 NaN NA NA NA NA NA NA NA NA NA NA NA 0 
RBPLJ1728+5013 0.02548 0.4362612 0.02404118 0.4247194 0.024 0.004 0.005 NA 0.425 0.14 0.209 NA 10 
RBPLJ1733-1304 NaN NA NA NA NA NA NA NA NA NA NA NA 0 
RBPLJ1739+4955 NaN NA NA NA NA NA NA NA NA NA NA NA 0 
RBPLJ1743+1935 0.02894444 0.5453404 0.02714494 0.5789901 0.027 0.006 0.008 NA 0.58 0.188 0.309 NA 9 
RBPLJ1745-0753 0.1285 NA NA NA NA NA NA NA NA NA NA NA 1 
RBPLJ1748+7005 0.1063311 0.4748127 0.1059725 0.4900959 0.106 0.007 0.008 NA 0.49 0.046 0.054 NA 45 
RBPLJ1749+4321 0.2058 NA NA NA NA NA NA NA NA NA NA NA 1 
RBPLJ1751+0939 0.08770204 0.6257612 0.08669218 0.6065808 0.087 0.007 0.007 NA 0.606 0.056 0.066 NA 49 
RBPLJ1754+3212 0.04566452 0.4899806 0.04533612 0.4745954 0.045 0.003 0.004 NA 0.475 0.067 0.081 NA 31 
RBPLJ1800+3848 0.012075 0.6480722 NA NA NA NA NA NA NA NA NA NA 16 
RBPLJ1800+7828 0.10127 0.4052314 0.1009368 0.3844973 0.101 0.007 0.007 NA 0.384 0.046 0.057 NA 30 
RBPLJ1803+2521 NaN NA NA NA NA NA NA NA NA NA NA NA 0 
RBPLJ1806+6949 0.04087179 0.5594214 0.04025236 0.6037393 0.04 0.003 0.004 NA 0.604 0.072 0.086 NA 39 
RBPLJ1809+2041 0.04308214 0.4838799 0.03873223 0.4762053 0.039 0.004 0.004 NA 0.475 0.103 0.134 NA 28 
RBPLJ1813+0615 0.11415 0.6745854 NA NA NA NA NA NA NA NA NA NA 2 
RBPLJ1813+3144 0.04347037 0.5564395 0.04299278 0.5251572 0.043 0.004 0.004 NA 0.525 0.076 0.094 NA 27 
RBPLJ1823+7938 0.02235 0.2652933 NA NA NA NA NA NA NA NA NA NA 4 
RBPLJ1824+5651 0.0343 0.2102767 NA NA NA NA NA NA NA NA NA NA 2 
RBPLJ1835+3241 0.0086125 0.9583603 NA NA NA NA NA NA NA NA NA NA 16 
RBPLJ1836+3136 0.089484 0.3860764 0.08689494 0.3964246 0.087 0.007 0.007 NA 0.396 0.058 0.073 NA 25 
RBPLJ1838+4802 0.07778571 0.302552 0.07756666 0.2928868 0.078 0.005 0.004 NA 0.293 0.038 0.047 NA 28 
RBPLJ1841+3218 0.03834583 0.4353292 0.0357296 0.2166334 0.036 0.005 0.004 NA 0.21 NA NA 0.684 24 
RBPLJ1844+5709 0.0389 NA NA NA NA NA NA NA NA NA NA NA 1 
RBPLJ1848+3244 0.0523 NA NA NA NA NA NA NA NA NA NA NA 1 
RBPLJ1849+6705 0.0668 NA NA NA NA NA NA NA NA NA NA NA 1 
RBPLJ1850+2825 0.02166667 0.5216474 NA NA NA NA NA NA NA NA NA NA 3 
RBPLJ1852+4855 NaN NA NA NA NA NA NA NA NA NA NA NA 0 
RBPLJ1854+7351 0.0141125 0.5362678 0.01135903 0.02216397 0.011 0.001 0.002 NA 0.016 NA NA 0.897 16 
RBPLJ1903+5540 0.09257037 0.289697 0.09216479 0.2980987 0.092 0.005 0.006 NA 0.298 0.038 0.048 NA 27 
RBPLJ1911-1908 0.0482 NA NA NA NA NA NA NA NA NA NA NA 1 
RBPLJ1918+4937 0.01273333 0.3419914 NA NA NA NA NA NA NA NA NA NA 3 
RBPLJ1923-2104 0.0245 NA NA NA NA NA NA NA NA NA NA NA 1 
RBPLJ1927+6117 0.086212 0.4636395 0.08140787 0.4004159 0.081 0.006 0.008 NA 0.401 0.065 0.08 NA 25 
RBPLJ1927+7358 0.01956923 0.2433716 0.02009635 0.01488874 0.02 0.001 0.001 NA 0.014 NA NA 0.284 13 
RBPLJ1941-0211 0.0106 0.4960237 NA NA NA NA NA NA NA NA NA NA 5 
RBPLJ1943+2118 0.017725 0.3456809 NA NA NA NA NA NA NA NA NA NA 4 
RBPLJ1955+5131 0.0207 0.0683195 NA NA NA NA NA NA NA NA NA NA 2 
RBPLJ1959+6508 0.05147143 0.3147464 0.05044551 0.2724996 0.05 0.002 0.003 NA 0.273 0.039 0.046 NA 35 
RBPLJ2000-1748 0.1265 NA NA NA NA NA NA NA NA NA NA NA 1 
RBPLJ2001+4352 0.160575 0.2109184 0.1599638 0.1960493 0.16 0.008 0.008 NA 0.196 0.033 0.044 NA 16 
RBPLJ2005+7752 0.07962222 1.196718 0.08320487 0.7631282 0.083 0.011 0.014 NA 0.763 0.085 0.102 NA 27 
RBPLJ2015-0137 0.1433259 0.2665037 0.1410153 0.2720136 0.141 0.008 0.008 NA 0.272 0.037 0.046 NA 27 
RBPLJ2016+1632 0.01235455 0.5509563 NA NA NA NA NA NA NA NA NA NA 11 
RBPLJ2016-0903 0.01325 0.8888306 NA NA NA NA NA NA NA NA NA NA 22 
RBPLJ2022+6136 0.03466667 0.5829169 NA NA NA NA NA NA NA NA NA NA 6 
RBPLJ2022+7611 0.1245143 0.3469779 0.1233408 0.3503522 0.123 0.008 0.009 NA 0.351 0.045 0.054 NA 28 
RBPLJ2024+1718 0.02731538 0.7785388 NA NA NA NA NA NA NA NA NA NA 13 
RBPLJ2030+1936 0.0948 NA NA NA NA NA NA NA NA NA NA NA 1 
RBPLJ2030-0622 0.008442308 0.5186064 NA NA NA NA NA NA NA NA NA NA 26 
RBPLJ2031+1219 0.05 NA NA NA NA NA NA NA NA NA NA NA 1 
RBPLJ2033+2146 0.056675 0.1097969 0.05750948 0.03321402 0.058 0.005 0.003 NA 0.028 NA NA 0.323 4 
RBPLJ2035+1056 0.0501 NA NA NA NA NA NA NA NA NA NA NA 1 
RBPLJ2039-1046 0.081225 0.5119077 0.07552077 0.4068304 0.076 0.006 0.006 NA 0.407 0.061 0.072 NA 32 
RBPLJ2042+7508 0.01893704 0.2560444 0.01841165 0.1457806 0.0184 9e-04 0.001 NA 0.146 NA NA 0.265 27 
RBPLJ2051+1742 0.02906667 0.251696 NA NA NA NA NA NA NA NA NA NA 3 
RBPLJ2108-1607 NaN NA NA NA NA NA NA NA NA NA NA NA 0 
RBPLJ2116+3339 NaN NA NA NA NA NA NA NA NA NA NA NA 0 
RBPLJ2131-0915 0.07644286 0.2664725 0.0743476 0.2259142 0.074 0.003 0.004 NA 0.226 0.038 0.046 NA 28 
RBPLJ2143+1743 0.0130069 0.4142375 0.01063851 0.02777631 0.0106 0.0011 0.0011 NA 0.029 NA NA 0.375 29 
RBPLJ2146-1525 0.0208 NA NA NA NA NA NA NA NA NA NA NA 1 
RBPLJ2147+0929 0.0399 NA NA NA NA NA NA NA NA NA NA NA 1 
RBPLJ2148+0657 0.00987931 0.6582486 NA NA NA NA NA NA NA NA NA NA 29 
RBPLJ2149+0322 0.09679565 0.5301914 0.09254249 0.582932 0.093 0.013 0.013 NA 0.582 0.107 0.139 NA 23 
RBPLJ2150-1410 0.0457 0.5097967 0.03244931 0.01817443 0.033 0.003 0.002 NA 0.015 NA NA 0.358 20 
RBPLJ2152+1734 0.0834 NA NA NA NA NA NA NA NA NA NA NA 1 
RBPLJ2158-1501 NaN NA NA NA NA NA NA NA NA NA NA NA 0 
RBPLJ2202+4216 0.08002468 0.4696221 0.07975067 0.4798263 0.08 0.004 0.004 NA 0.48 0.035 0.039 NA 77 
RBPLJ2217+2421 0.1836 NA NA NA NA NA NA NA NA NA NA NA 1 
RBPLJ2225-0457 0.06482727 0.9134887 0.05179187 1.329818 0.052 0.017 0.021 NA 1.328 0.348 0.496 NA 22 
RBPLJ2232+1143 0.04142642 0.7010735 0.04026084 0.7033936 0.04 0.003 0.004 NA 0.704 0.077 0.089 NA 53 
RBPLJ2243+2021 0.05477812 0.5895125 0.05376827 0.6220774 0.054 0.006 0.006 NA 0.622 0.077 0.093 NA 32 
RBPLJ2250+3825 0.0372 0.3025788 0.03686733 0.1953159 0.037 0.005 0.005 NA 0.195 NA NA 0.591 6 
RBPLJ2251+4030 0.05850303 0.3759958 0.05659974 0.3811568 0.057 0.004 0.003 NA 0.381 0.054 0.066 NA 33 
RBPLJ2253+1404 0.0159 NA NA NA NA NA NA NA NA NA NA NA 1 
RBPLJ2253+1608 0.05998932 0.4940331 0.05978033 0.4640853 0.06 0.002 0.002 NA 0.464 0.032 0.035 NA 103 
RBPLJ2311+3425 0.2198167 0.5937721 0.2115315 0.7207049 0.212 0.027 0.029 NA 0.72 0.085 0.103 NA 30 
RBPLJ2321+2732 0.0359 NA NA NA NA NA NA NA NA NA NA NA 1 
RBPLJ2325+3957 0.0377 NA NA NA NA NA NA NA NA NA NA NA 1 
RBPLJ2334+0736 0.01755556 0.5602967 0.01140505 0.3700762 0.011 NA NA 0.019 0.407 NA NA 6.842 18 
RBPLJ2340+8015 0.06763846 0.4186123 0.06562206 0.435834 0.066 0.01 0.01 NA 0.435 0.115 0.166 NA 13 
RBPLJ2347+5142 0.03636667 0.3401779 0.03523045 0.2600933 0.035 0.004 0.005 NA 0.261 NA NA 0.596 9 
RBPLJ2348-1631 NaN NA NA NA NA NA NA NA NA NA NA NA 0 
