#RA DEC nstar nobs q qerr u uerr p perr angle angleerr p/sp pdeb color         
#35.45720 25.22388 37 1 -0.01743 0.01982 -0.0627 0.04083 0.06508 0.0397 -0.92096 0.16906 1.63936 0 65  #huge error bars  probably same as next
#35.45493 25.2263 63 1 0.01475 0.01621 -0.0587 0.03239 0.06053 0.03167 -0.6623 0.14534 1.91141 0 65   #huge error bars    
35.38918 25.21271 22 4 0.04287 0.01351 -0.03034 0.01477 0.05252 0.01394 -1.02113 0.24349 1.70088 0 255  #nothing       
35.25071 25.21016 21 4 -0.03186 0.00331 -0.0114 0.00283 0.03384 0.00326 -1.3989 0.04274 10.38172 0.03368 65 #INTERSTING        
35.26801 25.28472 27 3 0.03357 0.01357 -0.00108 0.0082 0.03359 0.01357 -0.0161 0.12211 2.47554 0 65   #nothing      
35.39425 25.37217 9 4 0.00941 0.00745 -0.03051 0.01072 0.03193 0.01048 -0.63584 0.12189 3.04823 0.03016 65    #maybe     
35.42031 25.2889 38 1 0.00434 0.00503 0.0309 0.00664 0.0312 0.00662 0.71561 0.08123 4.71632 0.03049 65     #why not   
35.40175 25.42354 29 1 -0.007 0.02414 -0.02998 0.0298 0.03079 0.02954 -0.90007 0.39734 1.04231 0 65  #huge errors      
35.20251 25.3947 3 1 0.02764 0.02644 -0.01072 0.01241 0.02965 0.02505 -0.18499 0.25318 1.18332 0 65    #huge error bars  probably nothing
35.2098 25.33081 42 1 0.01303 0.04728 -0.02311 0.03405 0.02653 0.03767 -0.52869 0.83776 0.70424 0 65         
35.27209 25.41423 31 2 -0.01848 0.01074 -0.01875 0.00835 0.02633 0.0096 -1.17448 0.18295 2.74278 0.02452 65  #why not      
35.44908 25.32068 59 1 -0.02246 0.02531 0.01197 0.04985 0.02545 0.03238 1.32596 0.89543 0.78591 0 65         
35.1822 25.32088 44 1 -0.01088 0.02573 0.02281 0.01154 0.02527 0.0152 1.00791 0.46996 1.66206 0 65         
35.29489 25.33993 13 3 0.02444 0.00937 -0.00528 0.00746 0.025 0.00929 -0.10644 0.15118 2.69063 0.02321 65   #why not  probably nothing  
35.21608 25.27761 26 2 0.02262 0.01683 -0.00691 0.00862 0.02365 0.01629 -0.1483 0.20301 1.45137 0 65         
35.43547 25.41242 32 1 0.01968 0.00923 -0.01292 0.01551 0.02354 0.01149 -0.29046 0.29564 2.04959 0 65         
35.43157 25.35789 34 1 -0.01812 0.03566 0.01287 0.04396 0.02222 0.03864 1.262 0.93055 0.57516 0 65         
35.40068 25.2218 23 2 0.01926 0.01832 0.00823 0.02657 0.02094 0.01982 0.20186 0.60815 1.05681 0 65         
#35.20134 25.39718 47 1 -0.00043 0.03814 0.0205 0.0178 0.0205 0.01781 0.79586 0.93 1.15131 0 65         
#35.26977 25.41727 55 1 -0.01443 0.01416 -0.01423 0.00945 0.02027 0.01207 -1.18156 0.29617 1.67927 0 65         
35.41174 25.31105 49 1 0.00521 0.03191 -0.01869 0.05592 0.0194 0.05454 -0.64945 0.88149 0.35575 0 65         
35.42302 25.29967 36 1 0.00033 0.005 -0.01912 0.0066 0.01912 0.0066 -0.77674 0.13068 2.89692 0.01795 65         
35.30944 25.35102 35 2 -0.00501 0.01156 -0.01793 0.00881 0.01862 0.00904 -0.92165 0.30574 2.06064 0 65         
35.29105 25.31317 48 1 -0.01792 0.04828 -0.00404 0.03541 0.01837 0.04774 -1.45991 0.98362 0.38479 0 65         
35.44777 25.26875 61 1 -0.0037 0.0234 0.01776 0.04871 0.01814 0.04792 0.88807 0.68816 0.37856 0 65         
35.31814 25.28935 40 2 0.01011 0.01909 -0.01379 0.0147 0.0171 0.01637 -0.46899 0.51696 1.04454 0 65         
#35.43835 25.4159 1 2 0.00519 0.00823 -0.01571 0.01363 0.01654 0.0132 -0.62576 0.26931 1.25353 0 65         
35.44411 25.22923 64 1 0.00562 0.00378 0.0152 0.00428 0.01621 0.00422 0.60829 0.11858 3.83655 0.01565 65         
#35.40085 25.41974 54 1 -0.01146 0.01009 0.00987 0.0115 0.01512 0.01071 1.21529 0.36109 1.41162 0 65         
35.26797 25.28025 18 3 0.01125 0.00648 -0.00688 0.00434 0.01319 0.00598 -0.27448 0.19007 2.20746 0 65         
35.23819 25.23812 53 1 -0.003 0.04007 -0.01243 0.02499 0.01279 0.02604 -0.90377 1.54014 0.49099 0 65         
35.32114 25.40496 33 3 0.01087 0.01543 -0.0065 0.01273 0.01267 0.01477 -0.26947 0.53263 0.85788 0 65         
35.43105 25.26808 60 1 -0.01134 0.00548 0.00439 0.00788 0.01216 0.00585 1.38611 0.31293 2.07781 0 65         
35.37528 25.37359 8 4 0.00122 0.01289 0.01048 0.01448 0.01055 0.01446 0.72734 0.6118 0.72971 0 65         
35.31885 25.40135 58 1 0.00202 0.04278 0.01018 0.03397 0.01038 0.03434 0.6874 2.04636 0.30222 0 65         
35.36492 25.32801 15 3 0.00733 0.0032 -0.00713 0.00339 0.01023 0.00329 -0.38591 0.16127 3.1053 0.00968 65         
35.42717 25.32149 16 2 0.0099 0.00798 0.00113 0.01636 0.00996 0.00814 0.05666 0.81698 1.22437 0 65         
35.30615 25.41157 56 1 -0.0003 0.04066 -0.00991 0.02769 0.00991 0.0277 -0.80048 2.05017 0.35788 0 65         
35.41078 25.34604 12 5 0.0078 0.00275 -0.00574 0.00375 0.00969 0.00314 -0.31732 0.17706 3.08956 0.00917 65         
35.36064 25.36864 10 5 0.00138 0.00372 -0.009 0.00391 0.00911 0.00391 -0.70959 0.20429 2.32896 0 65         
35.38091 25.34987 11 5 -0.0036 0.00553 -0.00833 0.00657 0.00908 0.00642 -0.98927 0.31423 1.41514 0 65         
35.3573 25.38225 4 4 0.00682 0.00204 -0.00315 0.00221 0.00751 0.00207 -0.21607 0.1451 3.62924 0.00722 65         
35.34303 25.30666 50 1 -0.0065 0.01449 -0.00336 0.01329 0.00732 0.01424 -1.3322 0.92598 0.51366 0 65         
35.33181 25.40962 41 1 0.00374 0.00396 -0.00612 0.00407 0.00717 0.00404 -0.51107 0.27794 1.77563 0 65         
35.30055 25.1819 51 1 -0.00369 0.00387 -0.00597 0.0039 0.00702 0.00389 -1.06213 0.27613 1.80379 0 65         
35.3811 25.40816 0 4 0.00427 0.00212 -0.00526 0.00233 0.00677 0.00225 -0.44445 0.16289 3.00853 0.00639 65         
35.39892 25.41662 30 1 0.00625 0.00975 0.00257 0.01408 0.00676 0.01049 0.19501 1.00156 0.6443 0 65         
35.3714 25.25276 17 5 -0.00559 0.01388 -0.00369 0.01599 0.0067 0.01455 -1.27905 1.14721 0.46055 0 65         
35.33194 25.20773 45 1 -0.00111 0.00568 -0.00623 0.00612 0.00633 0.0061 -0.87347 0.44966 1.03661 0 65         
35.294 25.20142 62 1 0.00028 0.00417 -0.00612 0.00403 0.00613 0.00403 -0.76245 0.33996 1.5198 0 65         
35.27971 25.29746 39 1 -0.00059 0.00386 -0.00595 0.00381 0.00598 0.00381 -0.83473 0.3226 1.56893 0 65         
35.33751 25.286 46 1 0.00419 0.00355 -0.00401 0.00365 0.0058 0.0036 -0.38168 0.31045 1.61254 0 65         
35.36527 25.18612 52 1 0.0045 0.00623 0.00178 0.00702 0.00484 0.00634 0.18826 0.71512 0.76288 0 65         
35.36137 25.28774 19 4 0.00086 0.00581 -0.00466 0.00608 0.00474 0.00607 -0.6941 0.61372 0.78084 0 65         
35.37476 25.38307 5 4 0.00097 0.00395 -0.00449 0.00427 0.0046 0.00426 -0.67921 0.43107 1.07983 0 65         
35.19435 25.32501 43 1 0.00419 0.05694 0.00084 0.02363 0.00427 0.05602 0.09887 3.00977 0.0763 0 65         
35.45194 25.42434 28 1 0.00016 0.00416 -0.00411 0.00536 0.00411 0.00536 -0.76582 0.506 0.76747 0 65         
35.36944 25.2378 24 5 0.00314 0.00203 0.00258 0.00225 0.00407 0.00212 0.34397 0.26629 1.91698 0 65         
#35.24784 25.40393 57 1 -0.00033 0.00447 -0.00386 0.00401 0.00387 0.00401 -0.8279 0.57707 0.96639 0 65         
35.45053 25.24931 65 1 0.0027 0.00634 -0.00248 0.01122 0.00367 0.00891 -0.37141 1.26905 0.41168 0 65         
35.3783 25.37512 7 4 0.00327 0.00339 0.00128 0.00382 0.00351 0.00345 0.18648 0.5351 1.01975 0 65         
35.3596 25.19953 20 4 0.00345 0.00234 -0.00052 0.00259 0.00349 0.00235 -0.0746 0.37012 1.48373 0 65         
35.20888 25.38162 6 2 -0.00243 0.03123 -0.00084 0.01635 0.00257 0.03 -1.40424 3.60694 0.08559 0 65,,,,,,,,,
35.37846,25.32562,14,3,-0.00169,0.01011,0.0015,0.01158,0.00226,0.01078,1.20811,2.42746,0.20933,0,65,,,,,,,,,
